NAME:  test1
TYPE: AGTSP
COMMENT: gtsp tours
DIMENSION:  65
GTSP_SETS: 17
EDGE_WEIGHT_TYPE: EXPLICIT
EDGE_WEIGHT_FORMAT: FULL_MATRIX 
EDGE_WEIGHT_SECTION
999999	0	999999	999999	26256	26256	26248	999999	26254	26254	26246	999999	26292	26292	999999	999999	26275	26275	26275	26267	26285	26285	999999	999999	26269	26269	26269	26261	26255	26255	26247	999999	26251	26251	26243	999999	26276	26276	26276	26268	26297	26297	999999	999999	26305	26305	999999	999999	26294	26294	999999	999999	26279	26279	26279	26271	26277	26277	26277	26269	26263	26263	26263	26255	0
999999	999999	0	999999	26256	26256	26256	26248	26254	26254	26254	26246	26292	26292	26292	999999	26275	26275	26275	999999	26285	26285	26285	999999	26269	26269	26269	999999	26255	26255	26255	26247	26251	26251	26251	26243	26276	26276	26276	999999	26297	26297	26297	999999	26305	26305	26305	999999	26294	26294	26294	999999	26279	26279	26279	999999	26277	26277	26277	999999	26263	26263	26263	999999	0
999999	999999	999999	0	26256	26256	26256	26256	26254	26254	26254	26254	26292	26292	26292	26292	26275	26275	26275	26275	26285	26285	26285	26285	26269	26269	26269	26269	26255	26255	26255	26255	26251	26251	26251	26251	26276	26276	26276	26276	26297	26297	26297	26297	26305	26305	26305	26305	26294	26294	26294	26294	26279	26279	26279	26279	26277	26277	26277	26277	26263	26263	26263	26263	0
0	999999	999999	999999	26256	26248	999999	999999	26254	26246	999999	999999	26292	26292	26292	26284	26275	26275	26267	999999	26285	26285	26285	26277	26269	26269	26261	999999	26255	26247	999999	999999	26251	26243	999999	999999	26276	26276	26268	999999	26297	26297	26297	26289	26305	999999	999999	999999	26294	26294	26294	26286	26279	26279	26271	999999	26277	26277	26269	999999	26263	26263	26255	999999	0
26256	26256	26248	999999	999999	0	999999	999999	26257	26257	26249	999999	26275	26275	26275	26267	26265	26265	26265	26257	26273	26273	26273	26265	26268	26268	26268	26260	26239	26239	26231	999999	26261	26261	26261	26253	26263	26263	26263	26255	26279	26279	26279	26271	26289	26289	999999	999999	26275	26275	26275	26267	26260	26260	26260	26252	26258	26258	26250	999999	26246	26246	26238	999999	0
26256	26256	26256	26248	999999	999999	0	999999	26257	26257	26257	26249	26275	26275	26275	999999	26265	26265	26265	999999	26273	26273	26273	999999	26268	26268	26268	999999	26239	26239	26239	26231	26261	26261	26261	999999	26263	26263	26263	999999	26279	26279	26279	999999	26289	26289	26289	999999	26275	26275	26275	999999	26260	26260	26260	999999	26258	26258	26258	26250	26246	26246	26246	26238	0
26256	26256	26256	26256	999999	999999	999999	0	26257	26257	26257	26257	26275	26275	26275	26275	26265	26265	26265	26265	26273	26273	26273	26273	26268	26268	26268	26268	26239	26239	26239	26239	26261	26261	26261	26261	26263	26263	26263	26263	26279	26279	26279	26279	26289	26289	26289	26289	26275	26275	26275	26275	26260	26260	26260	26260	26258	26258	26258	26258	26246	26246	26246	26246	0
26256	26248	999999	999999	0	999999	999999	999999	26257	26249	999999	999999	26275	26275	26267	999999	26265	26265	26257	999999	26273	26273	26265	999999	26268	26268	26260	999999	26239	26231	999999	999999	26261	26261	26253	999999	26263	26263	26255	999999	26279	26279	26271	999999	26289	26289	26289	26281	26275	26275	26267	999999	26260	26260	26252	999999	26258	26250	999999	999999	26246	26238	999999	999999	0
26254	26254	26246	999999	26257	26257	26249	999999	999999	0	999999	999999	26294	26294	999999	999999	26284	26284	999999	999999	26293	26293	999999	999999	26282	26282	999999	999999	26257	26257	26249	999999	26243	26243	26235	999999	26282	26282	999999	999999	26297	26297	999999	999999	26309	26309	999999	999999	26291	26291	999999	999999	26278	26278	26278	26270	26275	26275	26275	26267	26266	26266	26266	26258	0
26254	26254	26254	26246	26257	26257	26257	26249	999999	999999	0	999999	26294	26294	26294	999999	26284	26284	26284	999999	26293	26293	26293	999999	26282	26282	26282	999999	26257	26257	26257	26249	26243	26243	26243	26235	26282	26282	26282	999999	26297	26297	26297	999999	26309	26309	26309	999999	26291	26291	26291	999999	26278	26278	26278	999999	26275	26275	26275	999999	26266	26266	26266	999999	0
26254	26254	26254	26254	26257	26257	26257	26257	999999	999999	999999	0	26294	26294	26294	26294	26284	26284	26284	26284	26293	26293	26293	26293	26282	26282	26282	26282	26257	26257	26257	26257	26243	26243	26243	26243	26282	26282	26282	26282	26297	26297	26297	26297	26309	26309	26309	26309	26291	26291	26291	26291	26278	26278	26278	26278	26275	26275	26275	26275	26266	26266	26266	26266	0
26254	26246	999999	999999	26257	26249	999999	999999	0	999999	999999	999999	26294	26294	26294	26286	26284	26284	26284	26276	26293	26293	26293	26285	26282	26282	26282	26274	26257	26249	999999	999999	26243	26235	999999	999999	26282	26282	26282	26274	26297	26297	26297	26289	26309	999999	999999	999999	26291	26291	26291	26283	26278	26278	26270	999999	26275	26275	26267	999999	26266	26266	26258	999999	0
26292	26292	999999	999999	26275	26275	26275	26267	26294	26294	999999	999999	999999	0	999999	999999	26263	26263	26263	26255	26257	26257	26249	999999	26279	26279	26279	26271	26275	26275	26275	26267	26298	26298	999999	999999	26258	26258	26250	999999	26246	26246	26238	999999	26256	26256	26248	999999	26253	26253	26245	999999	26254	26254	26246	999999	26257	26257	26249	999999	26267	26267	26267	26259	0
26292	26292	26292	999999	26275	26275	26275	999999	26294	26294	26294	999999	999999	999999	0	999999	26263	26263	26263	999999	26257	26257	26257	26249	26279	26279	26279	999999	26275	26275	26275	999999	26298	26298	26298	999999	26258	26258	26258	26250	26246	26246	26246	26238	26256	26256	26256	26248	26253	26253	26253	26245	26254	26254	26254	26246	26257	26257	26257	26249	26267	26267	26267	999999	0
26292	26292	26292	26292	26275	26275	26275	26275	26294	26294	26294	26294	999999	999999	999999	0	26263	26263	26263	26263	26257	26257	26257	26257	26279	26279	26279	26279	26275	26275	26275	26275	26298	26298	26298	26298	26258	26258	26258	26258	26246	26246	26246	26246	26256	26256	26256	26256	26253	26253	26253	26253	26254	26254	26254	26254	26257	26257	26257	26257	26267	26267	26267	26267	0
26292	26292	26292	26284	26275	26275	26267	999999	26294	26294	26294	26286	0	999999	999999	999999	26263	26263	26255	999999	26257	26249	999999	999999	26279	26279	26271	999999	26275	26275	26267	999999	26298	26298	26298	26290	26258	26250	999999	999999	26246	26238	999999	999999	26256	26248	999999	999999	26253	26245	999999	999999	26254	26246	999999	999999	26257	26249	999999	999999	26267	26267	26259	999999	0
26275	26275	26275	26267	26265	26265	26265	26257	26284	26284	999999	999999	26263	26263	26263	26255	999999	0	999999	999999	26247	26247	26239	999999	26253	26253	26245	999999	26264	26264	26264	26256	26286	26286	999999	999999	26243	26243	26235	999999	26271	26271	26271	26263	26268	26268	26268	26260	26275	26275	26275	26267	26262	26262	26262	26254	26265	26265	26265	26257	26258	26258	26250	999999	0
26275	26275	26275	999999	26265	26265	26265	999999	26284	26284	26284	999999	26263	26263	26263	999999	999999	999999	0	999999	26247	26247	26247	26239	26253	26253	26253	26245	26264	26264	26264	999999	26286	26286	26286	999999	26243	26243	26243	26235	26271	26271	26271	999999	26268	26268	26268	999999	26275	26275	26275	999999	26262	26262	26262	999999	26265	26265	26265	999999	26258	26258	26258	26250	0
26275	26275	26275	26275	26265	26265	26265	26265	26284	26284	26284	26284	26263	26263	26263	26263	999999	999999	999999	0	26247	26247	26247	26247	26253	26253	26253	26253	26264	26264	26264	26264	26286	26286	26286	26286	26243	26243	26243	26243	26271	26271	26271	26271	26268	26268	26268	26268	26275	26275	26275	26275	26262	26262	26262	26262	26265	26265	26265	26265	26258	26258	26258	26258	0
26275	26275	26267	999999	26265	26265	26257	999999	26284	26284	26284	26276	26263	26263	26255	999999	0	999999	999999	999999	26247	26239	999999	999999	26253	26245	999999	999999	26264	26264	26256	999999	26286	26286	26286	26278	26243	26235	999999	999999	26271	26271	26263	999999	26268	26268	26260	999999	26275	26275	26267	999999	26262	26262	26254	999999	26265	26265	26257	999999	26258	26250	999999	999999	0
26285	26285	999999	999999	26273	26273	26273	26265	26293	26293	999999	999999	26257	26257	26249	999999	26247	26247	26239	999999	999999	0	999999	999999	26262	26262	26262	26254	26272	26272	26272	26264	26295	26295	999999	999999	26247	26247	26239	999999	26266	26266	26266	26258	26258	26258	26250	999999	26272	26272	26272	26264	26263	26263	26263	26255	26267	26267	26267	26259	26265	26265	26265	26257	0
26285	26285	26285	999999	26273	26273	26273	999999	26293	26293	26293	999999	26257	26257	26257	26249	26247	26247	26247	26239	999999	999999	0	999999	26262	26262	26262	999999	26272	26272	26272	999999	26295	26295	26295	999999	26247	26247	26247	26239	26266	26266	26266	999999	26258	26258	26258	26250	26272	26272	26272	999999	26263	26263	26263	999999	26267	26267	26267	999999	26265	26265	26265	999999	0
26285	26285	26285	26285	26273	26273	26273	26273	26293	26293	26293	26293	26257	26257	26257	26257	26247	26247	26247	26247	999999	999999	999999	0	26262	26262	26262	26262	26272	26272	26272	26272	26295	26295	26295	26295	26247	26247	26247	26247	26266	26266	26266	26266	26258	26258	26258	26258	26272	26272	26272	26272	26263	26263	26263	26263	26267	26267	26267	26267	26265	26265	26265	26265	0
26285	26285	26285	26277	26273	26273	26265	999999	26293	26293	26293	26285	26257	26249	999999	999999	26247	26239	999999	999999	0	999999	999999	999999	26262	26262	26254	999999	26272	26272	26264	999999	26295	26295	26295	26287	26247	26239	999999	999999	26266	26266	26258	999999	26258	26250	999999	999999	26272	26272	26264	999999	26263	26263	26255	999999	26267	26267	26259	999999	26265	26265	26257	999999	0
26269	26269	26269	26261	26268	26268	26268	26260	26282	26282	999999	999999	26279	26279	26279	26271	26253	26253	26245	999999	26262	26262	26262	26254	999999	0	999999	999999	26266	26266	26266	26258	26282	26282	999999	999999	26258	26258	26250	999999	26287	26287	999999	999999	26283	26283	999999	999999	26290	26290	999999	999999	26275	26275	26275	26267	26277	26277	26277	26269	26265	26265	26265	26257	0
26269	26269	26269	999999	26268	26268	26268	999999	26282	26282	26282	999999	26279	26279	26279	999999	26253	26253	26253	26245	26262	26262	26262	999999	999999	999999	0	999999	26266	26266	26266	999999	26282	26282	26282	999999	26258	26258	26258	26250	26287	26287	26287	999999	26283	26283	26283	999999	26290	26290	26290	999999	26275	26275	26275	999999	26277	26277	26277	999999	26265	26265	26265	999999	0
26269	26269	26269	26269	26268	26268	26268	26268	26282	26282	26282	26282	26279	26279	26279	26279	26253	26253	26253	26253	26262	26262	26262	26262	999999	999999	999999	0	26266	26266	26266	26266	26282	26282	26282	26282	26258	26258	26258	26258	26287	26287	26287	26287	26283	26283	26283	26283	26290	26290	26290	26290	26275	26275	26275	26275	26277	26277	26277	26277	26265	26265	26265	26265	0
26269	26269	26261	999999	26268	26268	26260	999999	26282	26282	26282	26274	26279	26279	26271	999999	26253	26245	999999	999999	26262	26262	26254	999999	0	999999	999999	999999	26266	26266	26258	999999	26282	26282	26282	26274	26258	26250	999999	999999	26287	26287	26287	26279	26283	26283	26283	26275	26290	26290	26290	26282	26275	26275	26267	999999	26277	26277	26269	999999	26265	26265	26257	999999	0
26255	26255	26247	999999	26239	26239	26231	999999	26257	26257	26249	999999	26275	26275	26275	26267	26264	26264	26264	26256	26272	26272	26272	26264	26266	26266	26266	26258	999999	0	999999	999999	26260	26260	26260	26252	26262	26262	26262	26254	26280	26280	26280	26272	26289	26289	999999	999999	26276	26276	26276	26268	26261	26261	26261	26253	26259	26259	26259	26251	26246	26246	26238	999999	0
26255	26255	26255	26247	26239	26239	26239	26231	26257	26257	26257	26249	26275	26275	26275	999999	26264	26264	26264	999999	26272	26272	26272	999999	26266	26266	26266	999999	999999	999999	0	999999	26260	26260	26260	999999	26262	26262	26262	999999	26280	26280	26280	999999	26289	26289	26289	999999	26276	26276	26276	999999	26261	26261	26261	999999	26259	26259	26259	999999	26246	26246	26246	26238	0
26255	26255	26255	26255	26239	26239	26239	26239	26257	26257	26257	26257	26275	26275	26275	26275	26264	26264	26264	26264	26272	26272	26272	26272	26266	26266	26266	26266	999999	999999	999999	0	26260	26260	26260	26260	26262	26262	26262	26262	26280	26280	26280	26280	26289	26289	26289	26289	26276	26276	26276	26276	26261	26261	26261	26261	26259	26259	26259	26259	26246	26246	26246	26246	0
26255	26247	999999	999999	26239	26231	999999	999999	26257	26249	999999	999999	26275	26275	26267	999999	26264	26264	26256	999999	26272	26272	26264	999999	26266	26266	26258	999999	0	999999	999999	999999	26260	26260	26252	999999	26262	26262	26254	999999	26280	26280	26272	999999	26289	26289	26289	26281	26276	26276	26268	999999	26261	26261	26253	999999	26259	26259	26251	999999	26246	26238	999999	999999	0
26251	26251	26243	999999	26261	26261	26261	26253	26243	26243	26235	999999	26298	26298	999999	999999	26286	26286	999999	999999	26295	26295	999999	999999	26282	26282	999999	999999	26260	26260	26260	26252	999999	0	999999	999999	26285	26285	999999	999999	26302	26302	999999	999999	26313	26313	999999	999999	26297	26297	999999	999999	26283	26283	999999	999999	26280	26280	999999	999999	26269	26269	26269	26261	0
26251	26251	26251	26243	26261	26261	26261	999999	26243	26243	26243	26235	26298	26298	26298	999999	26286	26286	26286	999999	26295	26295	26295	999999	26282	26282	26282	999999	26260	26260	26260	999999	999999	999999	0	999999	26285	26285	26285	999999	26302	26302	26302	999999	26313	26313	26313	999999	26297	26297	26297	999999	26283	26283	26283	999999	26280	26280	26280	999999	26269	26269	26269	999999	0
26251	26251	26251	26251	26261	26261	26261	26261	26243	26243	26243	26243	26298	26298	26298	26298	26286	26286	26286	26286	26295	26295	26295	26295	26282	26282	26282	26282	26260	26260	26260	26260	999999	999999	999999	0	26285	26285	26285	26285	26302	26302	26302	26302	26313	26313	26313	26313	26297	26297	26297	26297	26283	26283	26283	26283	26280	26280	26280	26280	26269	26269	26269	26269	0
26251	26243	999999	999999	26261	26261	26253	999999	26243	26235	999999	999999	26298	26298	26298	26290	26286	26286	26286	26278	26295	26295	26295	26287	26282	26282	26282	26274	26260	26260	26252	999999	0	999999	999999	999999	26285	26285	26285	26277	26302	999999	999999	999999	26313	999999	999999	999999	26297	26297	26297	26289	26283	26283	26283	26275	26280	26280	26280	26272	26269	26269	26261	999999	0
26276	26276	26276	26268	26263	26263	26263	26255	26282	26282	999999	999999	26258	26258	26250	999999	26243	26243	26235	999999	26247	26247	26239	999999	26258	26258	26250	999999	26262	26262	26262	26254	26285	26285	999999	999999	999999	0	999999	999999	26266	26266	26266	26258	26266	26266	26266	26258	26270	26270	26270	26262	26257	26257	26249	999999	26259	26259	26259	26251	26255	26255	26247	999999	0
26276	26276	26276	999999	26263	26263	26263	999999	26282	26282	26282	999999	26258	26258	26258	26250	26243	26243	26243	26235	26247	26247	26247	26239	26258	26258	26258	26250	26262	26262	26262	999999	26285	26285	26285	999999	999999	999999	0	999999	26266	26266	26266	999999	26266	26266	26266	999999	26270	26270	26270	999999	26257	26257	26257	26249	26259	26259	26259	999999	26255	26255	26255	26247	0
26276	26276	26276	26276	26263	26263	26263	26263	26282	26282	26282	26282	26258	26258	26258	26258	26243	26243	26243	26243	26247	26247	26247	26247	26258	26258	26258	26258	26262	26262	26262	26262	26285	26285	26285	26285	999999	999999	999999	0	26266	26266	26266	26266	26266	26266	26266	26266	26270	26270	26270	26270	26257	26257	26257	26257	26259	26259	26259	26259	26255	26255	26255	26255	0
26276	26276	26268	999999	26263	26263	26255	999999	26282	26282	26282	26274	26258	26250	999999	999999	26243	26235	999999	999999	26247	26239	999999	999999	26258	26250	999999	999999	26262	26262	26254	999999	26285	26285	26285	26277	0	999999	999999	999999	26266	26266	26258	999999	26266	26266	26258	999999	26270	26270	26262	999999	26257	26249	999999	999999	26259	26259	26251	999999	26255	26247	999999	999999	0
26297	26297	999999	999999	26279	26279	26279	26271	26297	26297	999999	999999	26246	26246	26238	999999	26271	26271	26271	26263	26266	26266	26266	26258	26287	26287	999999	999999	26280	26280	26280	26272	26302	26302	999999	999999	26266	26266	26266	26258	999999	0	999999	999999	26260	26260	26260	26252	26247	26247	26239	999999	26256	26256	26248	999999	26259	26259	26259	26251	26271	26271	26271	26263	0
26297	26297	26297	999999	26279	26279	26279	999999	26297	26297	26297	999999	26246	26246	26246	26238	26271	26271	26271	999999	26266	26266	26266	999999	26287	26287	26287	999999	26280	26280	26280	999999	26302	26302	26302	999999	26266	26266	26266	999999	999999	999999	0	999999	26260	26260	26260	999999	26247	26247	26247	26239	26256	26256	26256	26248	26259	26259	26259	999999	26271	26271	26271	999999	0
26297	26297	26297	26297	26279	26279	26279	26279	26297	26297	26297	26297	26246	26246	26246	26246	26271	26271	26271	26271	26266	26266	26266	26266	26287	26287	26287	26287	26280	26280	26280	26280	26302	26302	26302	26302	26266	26266	26266	26266	999999	999999	999999	0	26260	26260	26260	26260	26247	26247	26247	26247	26256	26256	26256	26256	26259	26259	26259	26259	26271	26271	26271	26271	0
26297	26297	26297	26289	26279	26279	26271	999999	26297	26297	26297	26289	26246	26238	999999	999999	26271	26271	26263	999999	26266	26266	26258	999999	26287	26287	26287	26279	26280	26280	26272	999999	26302	999999	999999	999999	26266	26266	26258	999999	0	999999	999999	999999	26260	26260	26252	999999	26247	26239	999999	999999	26256	26248	999999	999999	26259	26259	26251	999999	26271	26271	26263	999999	0
26305	26305	999999	999999	26289	26289	999999	999999	26309	26309	999999	999999	26256	26256	26248	999999	26268	26268	26268	26260	26258	26258	26250	999999	26283	26283	999999	999999	26289	26289	999999	999999	26313	26313	999999	999999	26266	26266	26266	26258	26260	26260	26260	26252	999999	0	999999	999999	26270	26270	26270	26262	26271	26271	26271	26263	26275	26275	26275	26267	26281	26281	999999	999999	0
26305	26305	26305	999999	26289	26289	26289	999999	26309	26309	26309	999999	26256	26256	26256	26248	26268	26268	26268	999999	26258	26258	26258	26250	26283	26283	26283	999999	26289	26289	26289	999999	26313	26313	26313	999999	26266	26266	26266	999999	26260	26260	26260	999999	999999	999999	0	999999	26270	26270	26270	999999	26271	26271	26271	999999	26275	26275	26275	999999	26281	26281	26281	999999	0
26305	26305	26305	26305	26289	26289	26289	26289	26309	26309	26309	26309	26256	26256	26256	26256	26268	26268	26268	26268	26258	26258	26258	26258	26283	26283	26283	26283	26289	26289	26289	26289	26313	26313	26313	26313	26266	26266	26266	26266	26260	26260	26260	26260	999999	999999	999999	0	26270	26270	26270	26270	26271	26271	26271	26271	26275	26275	26275	26275	26281	26281	26281	26281	0
26305	999999	999999	999999	26289	26289	26289	26281	26309	999999	999999	999999	26256	26248	999999	999999	26268	26268	26260	999999	26258	26250	999999	999999	26283	26283	26283	26275	26289	26289	26289	26281	26313	999999	999999	999999	26266	26266	26258	999999	26260	26260	26252	999999	0	999999	999999	999999	26270	26270	26262	999999	26271	26271	26263	999999	26275	26275	26267	999999	26281	26281	26281	26273	0
26294	26294	999999	999999	26275	26275	26275	26267	26291	26291	999999	999999	26253	26253	26245	999999	26275	26275	26275	26267	26272	26272	26272	26264	26290	26290	999999	999999	26276	26276	26276	26268	26297	26297	999999	999999	26270	26270	26270	26262	26247	26247	26239	999999	26270	26270	26270	26262	999999	0	999999	999999	26253	26253	26245	999999	26254	26254	26246	999999	26269	26269	26269	26261	0
26294	26294	26294	999999	26275	26275	26275	999999	26291	26291	26291	999999	26253	26253	26253	26245	26275	26275	26275	999999	26272	26272	26272	999999	26290	26290	26290	999999	26276	26276	26276	999999	26297	26297	26297	999999	26270	26270	26270	999999	26247	26247	26247	26239	26270	26270	26270	999999	999999	999999	0	999999	26253	26253	26253	26245	26254	26254	26254	26246	26269	26269	26269	999999	0
26294	26294	26294	26294	26275	26275	26275	26275	26291	26291	26291	26291	26253	26253	26253	26253	26275	26275	26275	26275	26272	26272	26272	26272	26290	26290	26290	26290	26276	26276	26276	26276	26297	26297	26297	26297	26270	26270	26270	26270	26247	26247	26247	26247	26270	26270	26270	26270	999999	999999	999999	0	26253	26253	26253	26253	26254	26254	26254	26254	26269	26269	26269	26269	0
26294	26294	26294	26286	26275	26275	26267	999999	26291	26291	26291	26283	26253	26245	999999	999999	26275	26275	26267	999999	26272	26272	26264	999999	26290	26290	26290	26282	26276	26276	26268	999999	26297	26297	26297	26289	26270	26270	26262	999999	26247	26239	999999	999999	26270	26270	26262	999999	0	999999	999999	999999	26253	26245	999999	999999	26254	26246	999999	999999	26269	26269	26261	999999	0
26279	26279	26279	26271	26260	26260	26260	26252	26278	26278	26278	26270	26254	26254	26246	999999	26262	26262	26262	26254	26263	26263	26263	26255	26275	26275	26275	26267	26261	26261	26261	26253	26283	26283	999999	999999	26257	26257	26249	999999	26256	26256	26248	999999	26271	26271	26271	26263	26253	26253	26245	999999	999999	0	999999	999999	26241	26241	26233	999999	26253	26253	26245	999999	0
26279	26279	26279	999999	26260	26260	26260	999999	26278	26278	26278	999999	26254	26254	26254	26246	26262	26262	26262	999999	26263	26263	26263	999999	26275	26275	26275	999999	26261	26261	26261	999999	26283	26283	26283	999999	26257	26257	26257	26249	26256	26256	26256	26248	26271	26271	26271	999999	26253	26253	26253	26245	999999	999999	0	999999	26241	26241	26241	26233	26253	26253	26253	26245	0
26279	26279	26279	26279	26260	26260	26260	26260	26278	26278	26278	26278	26254	26254	26254	26254	26262	26262	26262	26262	26263	26263	26263	26263	26275	26275	26275	26275	26261	26261	26261	26261	26283	26283	26283	26283	26257	26257	26257	26257	26256	26256	26256	26256	26271	26271	26271	26271	26253	26253	26253	26253	999999	999999	999999	0	26241	26241	26241	26241	26253	26253	26253	26253	0
26279	26279	26271	999999	26260	26260	26252	999999	26278	26278	26270	999999	26254	26246	999999	999999	26262	26262	26254	999999	26263	26263	26255	999999	26275	26275	26267	999999	26261	26261	26253	999999	26283	26283	26283	26275	26257	26249	999999	999999	26256	26248	999999	999999	26271	26271	26263	999999	26253	26245	999999	999999	0	999999	999999	999999	26241	26233	999999	999999	26253	26245	999999	999999	0
26277	26277	26277	26269	26258	26258	26250	999999	26275	26275	26275	26267	26257	26257	26249	999999	26265	26265	26265	26257	26267	26267	26267	26259	26277	26277	26277	26269	26259	26259	26259	26251	26280	26280	999999	999999	26259	26259	26259	26251	26259	26259	26259	26251	26275	26275	26275	26267	26254	26254	26246	999999	26241	26241	26233	999999	999999	0	999999	999999	26252	26252	26244	999999	0
26277	26277	26277	999999	26258	26258	26258	26250	26275	26275	26275	999999	26257	26257	26257	26249	26265	26265	26265	999999	26267	26267	26267	999999	26277	26277	26277	999999	26259	26259	26259	999999	26280	26280	26280	999999	26259	26259	26259	999999	26259	26259	26259	999999	26275	26275	26275	999999	26254	26254	26254	26246	26241	26241	26241	26233	999999	999999	0	999999	26252	26252	26252	26244	0
26277	26277	26277	26277	26258	26258	26258	26258	26275	26275	26275	26275	26257	26257	26257	26257	26265	26265	26265	26265	26267	26267	26267	26267	26277	26277	26277	26277	26259	26259	26259	26259	26280	26280	26280	26280	26259	26259	26259	26259	26259	26259	26259	26259	26275	26275	26275	26275	26254	26254	26254	26254	26241	26241	26241	26241	999999	999999	999999	0	26252	26252	26252	26252	0
26277	26277	26269	999999	26258	26250	999999	999999	26275	26275	26267	999999	26257	26249	999999	999999	26265	26265	26257	999999	26267	26267	26259	999999	26277	26277	26269	999999	26259	26259	26251	999999	26280	26280	26280	26272	26259	26259	26251	999999	26259	26259	26251	999999	26275	26275	26267	999999	26254	26246	999999	999999	26241	26233	999999	999999	0	999999	999999	999999	26252	26244	999999	999999	0
26263	26263	26263	26255	26246	26246	26238	999999	26266	26266	26266	26258	26267	26267	26267	26259	26258	26258	26250	999999	26265	26265	26265	26257	26265	26265	26265	26257	26246	26246	26238	999999	26269	26269	26269	26261	26255	26255	26247	999999	26271	26271	26271	26263	26281	26281	999999	999999	26269	26269	26269	26261	26253	26253	26245	999999	26252	26252	26244	999999	999999	0	999999	999999	0
26263	26263	26263	999999	26246	26246	26246	26238	26266	26266	26266	999999	26267	26267	26267	999999	26258	26258	26258	26250	26265	26265	26265	999999	26265	26265	26265	999999	26246	26246	26246	26238	26269	26269	26269	999999	26255	26255	26255	26247	26271	26271	26271	999999	26281	26281	26281	999999	26269	26269	26269	999999	26253	26253	26253	26245	26252	26252	26252	26244	999999	999999	0	999999	0
26263	26263	26263	26263	26246	26246	26246	26246	26266	26266	26266	26266	26267	26267	26267	26267	26258	26258	26258	26258	26265	26265	26265	26265	26265	26265	26265	26265	26246	26246	26246	26246	26269	26269	26269	26269	26255	26255	26255	26255	26271	26271	26271	26271	26281	26281	26281	26281	26269	26269	26269	26269	26253	26253	26253	26253	26252	26252	26252	26252	999999	999999	999999	0	0
26263	26263	26255	999999	26246	26238	999999	999999	26266	26266	26258	999999	26267	26267	26259	999999	26258	26250	999999	999999	26265	26265	26257	999999	26265	26265	26257	999999	26246	26238	999999	999999	26269	26269	26261	999999	26255	26247	999999	999999	26271	26271	26263	999999	26281	26281	26281	26273	26269	26269	26261	999999	26253	26245	999999	999999	26252	26244	999999	999999	0	999999	999999	999999	0
26229	999999	999999	999999	26229	999999	999999	999999	26229	999999	999999	999999	26229	999999	999999	999999	26229	999999	999999	999999	26229	999999	999999	999999	26229	999999	999999	999999	26229	999999	999999	999999	26229	999999	999999	999999	26229	999999	999999	999999	26229	999999	999999	999999	26229	999999	999999	999999	26229	999999	999999	999999	26229	999999	999999	999999	26229	999999	999999	999999	26229	999999	999999	999999	999999
GTSP_SET_SECTION:
1 1 2 3 4 -1
2 5 6 7 8 -1
3 9 10 11 12 -1
4 13 14 15 16 -1
5 17 18 19 20 -1
6 21 22 23 24 -1
7 25 26 27 28 -1
8 29 30 31 32 -1
9 33 34 35 36 -1
10 37 38 39 40 -1
11 41 42 43 44 -1
12 45 46 47 48 -1
13 49 50 51 52 -1
14 53 54 55 56 -1
15 57 58 59 60 -1
16 61 62 63 64 -1
17 65 -1
EOF