NAME:  test1
TYPE: AGTSP
COMMENT: gtsp tours
DIMENSION:  65
GTSP_SETS: 17
EDGE_WEIGHT_TYPE: EXPLICIT
EDGE_WEIGHT_FORMAT: FULL_MATRIX 
EDGE_WEIGHT_SECTION
999999	0	999999	999999	28848	28848	28848	28840	28842	28842	28842	28834	28848	28848	28848	28840	28847	28847	28847	28839	28876	28876	999999	999999	28857	28857	999999	999999	28851	28851	28851	28843	28828	28828	28820	999999	28865	28865	999999	999999	28866	28866	999999	999999	28825	28825	28817	999999	28876	28876	999999	999999	28878	28878	999999	999999	28847	28847	28847	28839	28849	28849	28849	28841	0
999999	999999	0	999999	28848	28848	28848	999999	28842	28842	28842	999999	28848	28848	28848	999999	28847	28847	28847	999999	28876	28876	28876	999999	28857	28857	28857	999999	28851	28851	28851	999999	28828	28828	28828	28820	28865	28865	28865	999999	28866	28866	28866	999999	28825	28825	28825	28817	28876	28876	28876	999999	28878	28878	28878	999999	28847	28847	28847	999999	28849	28849	28849	999999	0
999999	999999	999999	0	28848	28848	28848	28848	28842	28842	28842	28842	28848	28848	28848	28848	28847	28847	28847	28847	28876	28876	28876	28876	28857	28857	28857	28857	28851	28851	28851	28851	28828	28828	28828	28828	28865	28865	28865	28865	28866	28866	28866	28866	28825	28825	28825	28825	28876	28876	28876	28876	28878	28878	28878	28878	28847	28847	28847	28847	28849	28849	28849	28849	0
0	999999	999999	999999	28848	28848	28840	999999	28842	28842	28834	999999	28848	28848	28840	999999	28847	28847	28839	999999	28876	28876	28876	28868	28857	28857	28857	28849	28851	28851	28843	999999	28828	28820	999999	999999	28865	28865	28865	28857	28866	28866	28866	28858	28825	28817	999999	999999	28876	28876	28876	28868	28878	999999	999999	999999	28847	28847	28839	999999	28849	28849	28841	999999	0
28848	28848	28848	28840	999999	0	999999	999999	28852	28852	28852	28844	28816	28816	28808	999999	28815	28815	28807	999999	28850	28850	28850	28842	28823	28823	28815	999999	28820	28820	28812	999999	28834	28834	28826	999999	28843	28843	28843	28835	28835	28835	28835	28827	28836	28836	28836	28828	28853	28853	28853	28845	28856	28856	999999	999999	28843	28843	28843	28835	28828	28828	28820	999999	0
28848	28848	28848	999999	999999	999999	0	999999	28852	28852	28852	999999	28816	28816	28816	28808	28815	28815	28815	28807	28850	28850	28850	999999	28823	28823	28823	28815	28820	28820	28820	28812	28834	28834	28834	28826	28843	28843	28843	999999	28835	28835	28835	999999	28836	28836	28836	999999	28853	28853	28853	999999	28856	28856	28856	999999	28843	28843	28843	999999	28828	28828	28828	28820	0
28848	28848	28848	28848	999999	999999	999999	0	28852	28852	28852	28852	28816	28816	28816	28816	28815	28815	28815	28815	28850	28850	28850	28850	28823	28823	28823	28823	28820	28820	28820	28820	28834	28834	28834	28834	28843	28843	28843	28843	28835	28835	28835	28835	28836	28836	28836	28836	28853	28853	28853	28853	28856	28856	28856	28856	28843	28843	28843	28843	28828	28828	28828	28828	0
28848	28848	28840	999999	0	999999	999999	999999	28852	28852	28844	999999	28816	28808	999999	999999	28815	28807	999999	999999	28850	28850	28842	999999	28823	28815	999999	999999	28820	28812	999999	999999	28834	28826	999999	999999	28843	28843	28835	999999	28835	28835	28827	999999	28836	28836	28828	999999	28853	28853	28845	999999	28856	28856	28856	28848	28843	28843	28835	999999	28828	28820	999999	999999	0
28842	28842	28842	28834	28852	28852	28852	28844	999999	0	999999	999999	28854	28854	28854	28846	28852	28852	28852	28844	28859	28859	999999	999999	28856	28856	999999	999999	28850	28850	28850	28842	28837	28837	28837	28829	28849	28849	28849	28841	28859	28859	999999	999999	28843	28843	28843	28835	28858	28858	999999	999999	28857	28857	999999	999999	28826	28826	28818	999999	28842	28842	28842	28834	0
28842	28842	28842	999999	28852	28852	28852	999999	999999	999999	0	999999	28854	28854	28854	999999	28852	28852	28852	999999	28859	28859	28859	999999	28856	28856	28856	999999	28850	28850	28850	999999	28837	28837	28837	999999	28849	28849	28849	999999	28859	28859	28859	999999	28843	28843	28843	999999	28858	28858	28858	999999	28857	28857	28857	999999	28826	28826	28826	28818	28842	28842	28842	999999	0
28842	28842	28842	28842	28852	28852	28852	28852	999999	999999	999999	0	28854	28854	28854	28854	28852	28852	28852	28852	28859	28859	28859	28859	28856	28856	28856	28856	28850	28850	28850	28850	28837	28837	28837	28837	28849	28849	28849	28849	28859	28859	28859	28859	28843	28843	28843	28843	28858	28858	28858	28858	28857	28857	28857	28857	28826	28826	28826	28826	28842	28842	28842	28842	0
28842	28842	28834	999999	28852	28852	28844	999999	0	999999	999999	999999	28854	28854	28846	999999	28852	28852	28844	999999	28859	28859	28859	28851	28856	28856	28856	28848	28850	28850	28842	999999	28837	28837	28829	999999	28849	28849	28841	999999	28859	28859	28859	28851	28843	28843	28835	999999	28858	28858	28858	28850	28857	28857	28857	28849	28826	28818	999999	999999	28842	28842	28834	999999	0
28848	28848	28848	28840	28816	28816	28808	999999	28854	28854	28854	28846	999999	0	999999	999999	28816	28816	28808	999999	28853	28853	28853	28845	28825	28825	28817	999999	28823	28823	28815	999999	28836	28836	28836	28828	28846	28846	28846	28838	28837	28837	28837	28829	28836	28836	28836	28828	28855	28855	28855	28847	28859	28859	999999	999999	28846	28846	28846	28838	28831	28831	28823	999999	0
28848	28848	28848	999999	28816	28816	28816	28808	28854	28854	28854	999999	999999	999999	0	999999	28816	28816	28816	28808	28853	28853	28853	999999	28825	28825	28825	28817	28823	28823	28823	28815	28836	28836	28836	999999	28846	28846	28846	999999	28837	28837	28837	999999	28836	28836	28836	999999	28855	28855	28855	999999	28859	28859	28859	999999	28846	28846	28846	999999	28831	28831	28831	28823	0
28848	28848	28848	28848	28816	28816	28816	28816	28854	28854	28854	28854	999999	999999	999999	0	28816	28816	28816	28816	28853	28853	28853	28853	28825	28825	28825	28825	28823	28823	28823	28823	28836	28836	28836	28836	28846	28846	28846	28846	28837	28837	28837	28837	28836	28836	28836	28836	28855	28855	28855	28855	28859	28859	28859	28859	28846	28846	28846	28846	28831	28831	28831	28831	0
28848	28848	28840	999999	28816	28808	999999	999999	28854	28854	28846	999999	0	999999	999999	999999	28816	28808	999999	999999	28853	28853	28845	999999	28825	28817	999999	999999	28823	28815	999999	999999	28836	28836	28828	999999	28846	28846	28838	999999	28837	28837	28829	999999	28836	28836	28828	999999	28855	28855	28847	999999	28859	28859	28859	28851	28846	28846	28838	999999	28831	28823	999999	999999	0
28847	28847	28847	28839	28815	28815	28807	999999	28852	28852	28852	28844	28816	28816	28808	999999	999999	0	999999	999999	28852	28852	28852	28844	28825	28825	28817	999999	28822	28822	28814	999999	28833	28833	28825	999999	28845	28845	28845	28837	28837	28837	28837	28829	28835	28835	28835	28827	28854	28854	28854	28846	28857	28857	999999	999999	28843	28843	28843	28835	28828	28828	28820	999999	0
28847	28847	28847	999999	28815	28815	28815	28807	28852	28852	28852	999999	28816	28816	28816	28808	999999	999999	0	999999	28852	28852	28852	999999	28825	28825	28825	28817	28822	28822	28822	28814	28833	28833	28833	28825	28845	28845	28845	999999	28837	28837	28837	999999	28835	28835	28835	999999	28854	28854	28854	999999	28857	28857	28857	999999	28843	28843	28843	999999	28828	28828	28828	28820	0
28847	28847	28847	28847	28815	28815	28815	28815	28852	28852	28852	28852	28816	28816	28816	28816	999999	999999	999999	0	28852	28852	28852	28852	28825	28825	28825	28825	28822	28822	28822	28822	28833	28833	28833	28833	28845	28845	28845	28845	28837	28837	28837	28837	28835	28835	28835	28835	28854	28854	28854	28854	28857	28857	28857	28857	28843	28843	28843	28843	28828	28828	28828	28828	0
28847	28847	28839	999999	28815	28807	999999	999999	28852	28852	28844	999999	28816	28808	999999	999999	0	999999	999999	999999	28852	28852	28844	999999	28825	28817	999999	999999	28822	28814	999999	999999	28833	28825	999999	999999	28845	28845	28837	999999	28837	28837	28829	999999	28835	28835	28827	999999	28854	28854	28846	999999	28857	28857	28857	28849	28843	28843	28835	999999	28828	28820	999999	999999	0
28876	28876	999999	999999	28850	28850	28850	28842	28859	28859	999999	999999	28853	28853	28853	28845	28852	28852	28852	28844	999999	0	999999	999999	28843	28843	28843	28835	28843	28843	28843	28835	28861	28861	999999	999999	28823	28823	28815	999999	28831	28831	28823	999999	28866	28866	999999	999999	28817	28817	28809	999999	28821	28821	28813	999999	28846	28846	28846	28838	28840	28840	28840	28832	0
28876	28876	28876	999999	28850	28850	28850	999999	28859	28859	28859	999999	28853	28853	28853	999999	28852	28852	28852	999999	999999	999999	0	999999	28843	28843	28843	999999	28843	28843	28843	999999	28861	28861	28861	999999	28823	28823	28823	28815	28831	28831	28831	28823	28866	28866	28866	999999	28817	28817	28817	28809	28821	28821	28821	28813	28846	28846	28846	999999	28840	28840	28840	999999	0
28876	28876	28876	28876	28850	28850	28850	28850	28859	28859	28859	28859	28853	28853	28853	28853	28852	28852	28852	28852	999999	999999	999999	0	28843	28843	28843	28843	28843	28843	28843	28843	28861	28861	28861	28861	28823	28823	28823	28823	28831	28831	28831	28831	28866	28866	28866	28866	28817	28817	28817	28817	28821	28821	28821	28821	28846	28846	28846	28846	28840	28840	28840	28840	0
28876	28876	28876	28868	28850	28850	28842	999999	28859	28859	28859	28851	28853	28853	28845	999999	28852	28852	28844	999999	0	999999	999999	999999	28843	28843	28835	999999	28843	28843	28835	999999	28861	28861	28861	28853	28823	28815	999999	999999	28831	28823	999999	999999	28866	28866	28866	28858	28817	28809	999999	999999	28821	28813	999999	999999	28846	28846	28838	999999	28840	28840	28832	999999	0
28857	28857	999999	999999	28823	28823	28815	999999	28856	28856	999999	999999	28825	28825	28817	999999	28825	28825	28817	999999	28843	28843	28843	28835	999999	0	999999	999999	28819	28819	28811	999999	28843	28843	28843	28835	28837	28837	28837	28829	28826	28826	28818	999999	28845	28845	28845	28837	28845	28845	28845	28837	28849	28849	28849	28841	28845	28845	28845	28837	28828	28828	28820	999999	0
28857	28857	28857	999999	28823	28823	28823	28815	28856	28856	28856	999999	28825	28825	28825	28817	28825	28825	28825	28817	28843	28843	28843	999999	999999	999999	0	999999	28819	28819	28819	28811	28843	28843	28843	999999	28837	28837	28837	999999	28826	28826	28826	28818	28845	28845	28845	999999	28845	28845	28845	999999	28849	28849	28849	999999	28845	28845	28845	999999	28828	28828	28828	28820	0
28857	28857	28857	28857	28823	28823	28823	28823	28856	28856	28856	28856	28825	28825	28825	28825	28825	28825	28825	28825	28843	28843	28843	28843	999999	999999	999999	0	28819	28819	28819	28819	28843	28843	28843	28843	28837	28837	28837	28837	28826	28826	28826	28826	28845	28845	28845	28845	28845	28845	28845	28845	28849	28849	28849	28849	28845	28845	28845	28845	28828	28828	28828	28828	0
28857	28857	28857	28849	28823	28815	999999	999999	28856	28856	28856	28848	28825	28817	999999	999999	28825	28817	999999	999999	28843	28843	28835	999999	0	999999	999999	999999	28819	28811	999999	999999	28843	28843	28835	999999	28837	28837	28829	999999	28826	28818	999999	999999	28845	28845	28837	999999	28845	28845	28837	999999	28849	28849	28841	999999	28845	28845	28837	999999	28828	28820	999999	999999	0
28851	28851	28851	28843	28820	28820	28812	999999	28850	28850	28850	28842	28823	28823	28815	999999	28822	28822	28814	999999	28843	28843	28843	28835	28819	28819	28811	999999	999999	0	999999	999999	28837	28837	28837	28829	28836	28836	28836	28828	28829	28829	28821	999999	28840	28840	28840	28832	28845	28845	28845	28837	28849	28849	28849	28841	28839	28839	28839	28831	28822	28822	28814	999999	0
28851	28851	28851	999999	28820	28820	28820	28812	28850	28850	28850	999999	28823	28823	28823	28815	28822	28822	28822	28814	28843	28843	28843	999999	28819	28819	28819	28811	999999	999999	0	999999	28837	28837	28837	999999	28836	28836	28836	999999	28829	28829	28829	28821	28840	28840	28840	999999	28845	28845	28845	999999	28849	28849	28849	999999	28839	28839	28839	999999	28822	28822	28822	28814	0
28851	28851	28851	28851	28820	28820	28820	28820	28850	28850	28850	28850	28823	28823	28823	28823	28822	28822	28822	28822	28843	28843	28843	28843	28819	28819	28819	28819	999999	999999	999999	0	28837	28837	28837	28837	28836	28836	28836	28836	28829	28829	28829	28829	28840	28840	28840	28840	28845	28845	28845	28845	28849	28849	28849	28849	28839	28839	28839	28839	28822	28822	28822	28822	0
28851	28851	28843	999999	28820	28812	999999	999999	28850	28850	28842	999999	28823	28815	999999	999999	28822	28814	999999	999999	28843	28843	28835	999999	28819	28811	999999	999999	0	999999	999999	999999	28837	28837	28829	999999	28836	28836	28828	999999	28829	28821	999999	999999	28840	28840	28832	999999	28845	28845	28837	999999	28849	28849	28841	999999	28839	28839	28831	999999	28822	28814	999999	999999	0
28828	28828	28820	999999	28834	28834	28826	999999	28837	28837	28837	28829	28836	28836	28836	28828	28833	28833	28825	999999	28861	28861	999999	999999	28843	28843	28843	28835	28837	28837	28837	28829	999999	0	999999	999999	28851	28851	28851	28843	28852	28852	28852	28844	28819	28819	28811	999999	28862	28862	999999	999999	28864	28864	999999	999999	28836	28836	28836	28828	28835	28835	28835	28827	0
28828	28828	28828	28820	28834	28834	28834	28826	28837	28837	28837	999999	28836	28836	28836	999999	28833	28833	28833	28825	28861	28861	28861	999999	28843	28843	28843	999999	28837	28837	28837	999999	999999	999999	0	999999	28851	28851	28851	999999	28852	28852	28852	999999	28819	28819	28819	28811	28862	28862	28862	999999	28864	28864	28864	999999	28836	28836	28836	999999	28835	28835	28835	999999	0
28828	28828	28828	28828	28834	28834	28834	28834	28837	28837	28837	28837	28836	28836	28836	28836	28833	28833	28833	28833	28861	28861	28861	28861	28843	28843	28843	28843	28837	28837	28837	28837	999999	999999	999999	0	28851	28851	28851	28851	28852	28852	28852	28852	28819	28819	28819	28819	28862	28862	28862	28862	28864	28864	28864	28864	28836	28836	28836	28836	28835	28835	28835	28835	0
28828	28820	999999	999999	28834	28826	999999	999999	28837	28837	28829	999999	28836	28836	28828	999999	28833	28825	999999	999999	28861	28861	28861	28853	28843	28843	28835	999999	28837	28837	28829	999999	0	999999	999999	999999	28851	28851	28843	999999	28852	28852	28844	999999	28819	28811	999999	999999	28862	28862	28862	28854	28864	28864	28864	28856	28836	28836	28828	999999	28835	28835	28827	999999	0
28865	28865	999999	999999	28843	28843	28843	28835	28849	28849	28849	28841	28846	28846	28846	28838	28845	28845	28845	28837	28823	28823	28815	999999	28837	28837	28837	28829	28836	28836	28836	28828	28851	28851	28851	28843	999999	0	999999	999999	28830	28830	28822	999999	28857	28857	999999	999999	28824	28824	28816	999999	28826	28826	28818	999999	28836	28836	28836	28828	28831	28831	28823	999999	0
28865	28865	28865	999999	28843	28843	28843	999999	28849	28849	28849	999999	28846	28846	28846	999999	28845	28845	28845	999999	28823	28823	28823	28815	28837	28837	28837	999999	28836	28836	28836	999999	28851	28851	28851	999999	999999	999999	0	999999	28830	28830	28830	28822	28857	28857	28857	999999	28824	28824	28824	28816	28826	28826	28826	28818	28836	28836	28836	999999	28831	28831	28831	28823	0
28865	28865	28865	28865	28843	28843	28843	28843	28849	28849	28849	28849	28846	28846	28846	28846	28845	28845	28845	28845	28823	28823	28823	28823	28837	28837	28837	28837	28836	28836	28836	28836	28851	28851	28851	28851	999999	999999	999999	0	28830	28830	28830	28830	28857	28857	28857	28857	28824	28824	28824	28824	28826	28826	28826	28826	28836	28836	28836	28836	28831	28831	28831	28831	0
28865	28865	28865	28857	28843	28843	28835	999999	28849	28849	28841	999999	28846	28846	28838	999999	28845	28845	28837	999999	28823	28815	999999	999999	28837	28837	28829	999999	28836	28836	28828	999999	28851	28851	28843	999999	0	999999	999999	999999	28830	28822	999999	999999	28857	28857	28857	28849	28824	28816	999999	999999	28826	28818	999999	999999	28836	28836	28828	999999	28831	28823	999999	999999	0
28866	28866	999999	999999	28835	28835	28835	28827	28859	28859	999999	999999	28837	28837	28837	28829	28837	28837	28837	28829	28831	28831	28823	999999	28826	28826	28818	999999	28829	28829	28821	999999	28852	28852	28852	28844	28830	28830	28822	999999	999999	0	999999	999999	28855	28855	28855	28847	28834	28834	28826	999999	28839	28839	28839	28831	28846	28846	28846	28838	28831	28831	28823	999999	0
28866	28866	28866	999999	28835	28835	28835	999999	28859	28859	28859	999999	28837	28837	28837	999999	28837	28837	28837	999999	28831	28831	28831	28823	28826	28826	28826	28818	28829	28829	28829	28821	28852	28852	28852	999999	28830	28830	28830	28822	999999	999999	0	999999	28855	28855	28855	999999	28834	28834	28834	28826	28839	28839	28839	999999	28846	28846	28846	999999	28831	28831	28831	28823	0
28866	28866	28866	28866	28835	28835	28835	28835	28859	28859	28859	28859	28837	28837	28837	28837	28837	28837	28837	28837	28831	28831	28831	28831	28826	28826	28826	28826	28829	28829	28829	28829	28852	28852	28852	28852	28830	28830	28830	28830	999999	999999	999999	0	28855	28855	28855	28855	28834	28834	28834	28834	28839	28839	28839	28839	28846	28846	28846	28846	28831	28831	28831	28831	0
28866	28866	28866	28858	28835	28835	28827	999999	28859	28859	28859	28851	28837	28837	28829	999999	28837	28837	28829	999999	28831	28823	999999	999999	28826	28818	999999	999999	28829	28821	999999	999999	28852	28852	28844	999999	28830	28822	999999	999999	0	999999	999999	999999	28855	28855	28847	999999	28834	28826	999999	999999	28839	28839	28831	999999	28846	28846	28838	999999	28831	28823	999999	999999	0
28825	28825	28817	999999	28836	28836	28836	28828	28843	28843	28843	28835	28836	28836	28836	28828	28835	28835	28835	28827	28866	28866	999999	999999	28845	28845	28845	28837	28840	28840	28840	28832	28819	28819	28811	999999	28857	28857	999999	999999	28855	28855	28855	28847	999999	0	999999	999999	28867	28867	999999	999999	28869	28869	999999	999999	28842	28842	28842	28834	28839	28839	28839	28831	0
28825	28825	28825	28817	28836	28836	28836	999999	28843	28843	28843	999999	28836	28836	28836	999999	28835	28835	28835	999999	28866	28866	28866	999999	28845	28845	28845	999999	28840	28840	28840	999999	28819	28819	28819	28811	28857	28857	28857	999999	28855	28855	28855	999999	999999	999999	0	999999	28867	28867	28867	999999	28869	28869	28869	999999	28842	28842	28842	999999	28839	28839	28839	999999	0
28825	28825	28825	28825	28836	28836	28836	28836	28843	28843	28843	28843	28836	28836	28836	28836	28835	28835	28835	28835	28866	28866	28866	28866	28845	28845	28845	28845	28840	28840	28840	28840	28819	28819	28819	28819	28857	28857	28857	28857	28855	28855	28855	28855	999999	999999	999999	0	28867	28867	28867	28867	28869	28869	28869	28869	28842	28842	28842	28842	28839	28839	28839	28839	0
28825	28817	999999	999999	28836	28836	28828	999999	28843	28843	28835	999999	28836	28836	28828	999999	28835	28835	28827	999999	28866	28866	28866	28858	28845	28845	28837	999999	28840	28840	28832	999999	28819	28811	999999	999999	28857	28857	28857	28849	28855	28855	28847	999999	0	999999	999999	999999	28867	28867	28867	28859	28869	28869	28869	28861	28842	28842	28834	999999	28839	28839	28831	999999	0
28876	28876	999999	999999	28853	28853	28853	28845	28858	28858	999999	999999	28855	28855	28855	28847	28854	28854	28854	28846	28817	28817	28809	999999	28845	28845	28845	28837	28845	28845	28845	28837	28862	28862	999999	999999	28824	28824	28816	999999	28834	28834	28826	999999	28867	28867	999999	999999	999999	0	999999	999999	28818	28818	28810	999999	28845	28845	28845	28837	28841	28841	28841	28833	0
28876	28876	28876	999999	28853	28853	28853	999999	28858	28858	28858	999999	28855	28855	28855	999999	28854	28854	28854	999999	28817	28817	28817	28809	28845	28845	28845	999999	28845	28845	28845	999999	28862	28862	28862	999999	28824	28824	28824	28816	28834	28834	28834	28826	28867	28867	28867	999999	999999	999999	0	999999	28818	28818	28818	28810	28845	28845	28845	999999	28841	28841	28841	999999	0
28876	28876	28876	28876	28853	28853	28853	28853	28858	28858	28858	28858	28855	28855	28855	28855	28854	28854	28854	28854	28817	28817	28817	28817	28845	28845	28845	28845	28845	28845	28845	28845	28862	28862	28862	28862	28824	28824	28824	28824	28834	28834	28834	28834	28867	28867	28867	28867	999999	999999	999999	0	28818	28818	28818	28818	28845	28845	28845	28845	28841	28841	28841	28841	0
28876	28876	28876	28868	28853	28853	28845	999999	28858	28858	28858	28850	28855	28855	28847	999999	28854	28854	28846	999999	28817	28809	999999	999999	28845	28845	28837	999999	28845	28845	28837	999999	28862	28862	28862	28854	28824	28816	999999	999999	28834	28826	999999	999999	28867	28867	28867	28859	0	999999	999999	999999	28818	28810	999999	999999	28845	28845	28837	999999	28841	28841	28833	999999	0
28878	28878	999999	999999	28856	28856	999999	999999	28857	28857	999999	999999	28859	28859	999999	999999	28857	28857	999999	999999	28821	28821	28813	999999	28849	28849	28849	28841	28849	28849	28849	28841	28864	28864	999999	999999	28826	28826	28818	999999	28839	28839	28839	28831	28869	28869	999999	999999	28818	28818	28810	999999	999999	0	999999	999999	28846	28846	28846	28838	28844	28844	28844	28836	0
28878	28878	28878	999999	28856	28856	28856	999999	28857	28857	28857	999999	28859	28859	28859	999999	28857	28857	28857	999999	28821	28821	28821	28813	28849	28849	28849	999999	28849	28849	28849	999999	28864	28864	28864	999999	28826	28826	28826	28818	28839	28839	28839	999999	28869	28869	28869	999999	28818	28818	28818	28810	999999	999999	0	999999	28846	28846	28846	999999	28844	28844	28844	999999	0
28878	28878	28878	28878	28856	28856	28856	28856	28857	28857	28857	28857	28859	28859	28859	28859	28857	28857	28857	28857	28821	28821	28821	28821	28849	28849	28849	28849	28849	28849	28849	28849	28864	28864	28864	28864	28826	28826	28826	28826	28839	28839	28839	28839	28869	28869	28869	28869	28818	28818	28818	28818	999999	999999	999999	0	28846	28846	28846	28846	28844	28844	28844	28844	0
28878	999999	999999	999999	28856	28856	28856	28848	28857	28857	28857	28849	28859	28859	28859	28851	28857	28857	28857	28849	28821	28813	999999	999999	28849	28849	28841	999999	28849	28849	28841	999999	28864	28864	28864	28856	28826	28818	999999	999999	28839	28839	28831	999999	28869	28869	28869	28861	28818	28810	999999	999999	0	999999	999999	999999	28846	28846	28838	999999	28844	28844	28836	999999	0
28847	28847	28847	28839	28843	28843	28843	28835	28826	28826	28818	999999	28846	28846	28846	28838	28843	28843	28843	28835	28846	28846	28846	28838	28845	28845	28845	28837	28839	28839	28839	28831	28836	28836	28836	28828	28836	28836	28836	28828	28846	28846	28846	28838	28842	28842	28842	28834	28845	28845	28845	28837	28846	28846	28846	28838	999999	0	999999	999999	28830	28830	28822	999999	0
28847	28847	28847	999999	28843	28843	28843	999999	28826	28826	28826	28818	28846	28846	28846	999999	28843	28843	28843	999999	28846	28846	28846	999999	28845	28845	28845	999999	28839	28839	28839	999999	28836	28836	28836	999999	28836	28836	28836	999999	28846	28846	28846	999999	28842	28842	28842	999999	28845	28845	28845	999999	28846	28846	28846	999999	999999	999999	0	999999	28830	28830	28830	28822	0
28847	28847	28847	28847	28843	28843	28843	28843	28826	28826	28826	28826	28846	28846	28846	28846	28843	28843	28843	28843	28846	28846	28846	28846	28845	28845	28845	28845	28839	28839	28839	28839	28836	28836	28836	28836	28836	28836	28836	28836	28846	28846	28846	28846	28842	28842	28842	28842	28845	28845	28845	28845	28846	28846	28846	28846	999999	999999	999999	0	28830	28830	28830	28830	0
28847	28847	28839	999999	28843	28843	28835	999999	28826	28818	999999	999999	28846	28846	28838	999999	28843	28843	28835	999999	28846	28846	28838	999999	28845	28845	28837	999999	28839	28839	28831	999999	28836	28836	28828	999999	28836	28836	28828	999999	28846	28846	28838	999999	28842	28842	28834	999999	28845	28845	28837	999999	28846	28846	28838	999999	0	999999	999999	999999	28830	28822	999999	999999	0
28849	28849	28849	28841	28828	28828	28820	999999	28842	28842	28842	28834	28831	28831	28823	999999	28828	28828	28820	999999	28840	28840	28840	28832	28828	28828	28820	999999	28822	28822	28814	999999	28835	28835	28835	28827	28831	28831	28823	999999	28831	28831	28823	999999	28839	28839	28839	28831	28841	28841	28841	28833	28844	28844	28844	28836	28830	28830	28822	999999	999999	0	999999	999999	0
28849	28849	28849	999999	28828	28828	28828	28820	28842	28842	28842	999999	28831	28831	28831	28823	28828	28828	28828	28820	28840	28840	28840	999999	28828	28828	28828	28820	28822	28822	28822	28814	28835	28835	28835	999999	28831	28831	28831	28823	28831	28831	28831	28823	28839	28839	28839	999999	28841	28841	28841	999999	28844	28844	28844	999999	28830	28830	28830	28822	999999	999999	0	999999	0
28849	28849	28849	28849	28828	28828	28828	28828	28842	28842	28842	28842	28831	28831	28831	28831	28828	28828	28828	28828	28840	28840	28840	28840	28828	28828	28828	28828	28822	28822	28822	28822	28835	28835	28835	28835	28831	28831	28831	28831	28831	28831	28831	28831	28839	28839	28839	28839	28841	28841	28841	28841	28844	28844	28844	28844	28830	28830	28830	28830	999999	999999	999999	0	0
28849	28849	28841	999999	28828	28820	999999	999999	28842	28842	28834	999999	28831	28823	999999	999999	28828	28820	999999	999999	28840	28840	28832	999999	28828	28820	999999	999999	28822	28814	999999	999999	28835	28835	28827	999999	28831	28823	999999	999999	28831	28823	999999	999999	28839	28839	28831	999999	28841	28841	28833	999999	28844	28844	28836	999999	28830	28822	999999	999999	0	999999	999999	999999	0
28805	999999	999999	999999	28805	999999	999999	999999	28805	999999	999999	999999	28805	999999	999999	999999	28805	999999	999999	999999	28805	999999	999999	999999	28805	999999	999999	999999	28805	999999	999999	999999	28805	999999	999999	999999	28805	999999	999999	999999	28805	999999	999999	999999	28805	999999	999999	999999	28805	999999	999999	999999	28805	999999	999999	999999	28805	999999	999999	999999	28805	999999	999999	999999	999999
GTSP_SET_SECTION:
1 1 2 3 4 -1
2 5 6 7 8 -1
3 9 10 11 12 -1
4 13 14 15 16 -1
5 17 18 19 20 -1
6 21 22 23 24 -1
7 25 26 27 28 -1
8 29 30 31 32 -1
9 33 34 35 36 -1
10 37 38 39 40 -1
11 41 42 43 44 -1
12 45 46 47 48 -1
13 49 50 51 52 -1
14 53 54 55 56 -1
15 57 58 59 60 -1
16 61 62 63 64 -1
17 65 -1
EOF