NAME:  test1
TYPE: AGTSP
COMMENT: gtsp tours
DIMENSION:  65
GTSP_SETS: 17
EDGE_WEIGHT_TYPE: EXPLICIT
EDGE_WEIGHT_FORMAT: FULL_MATRIX 
EDGE_WEIGHT_SECTION
999999	0	999999	999999	40045	40045	999999	999999	40004	40004	40004	39996	40040	40040	999999	999999	40005	40005	40005	39997	40020	40020	999999	999999	40018	40018	40018	40010	40027	40027	999999	999999	40050	40050	999999	999999	40019	40019	40019	40011	39993	39993	39985	999999	40024	40024	999999	999999	39987	39987	39979	999999	40024	40024	999999	999999	40020	40020	40020	40012	39996	39996	39988	999999	0
999999	999999	0	999999	40045	40045	40045	999999	40004	40004	40004	999999	40040	40040	40040	999999	40005	40005	40005	999999	40020	40020	40020	999999	40018	40018	40018	999999	40027	40027	40027	999999	40050	40050	40050	999999	40019	40019	40019	999999	39993	39993	39993	39985	40024	40024	40024	999999	39987	39987	39987	39979	40024	40024	40024	999999	40020	40020	40020	999999	39996	39996	39996	39988	0
999999	999999	999999	0	40045	40045	40045	40045	40004	40004	40004	40004	40040	40040	40040	40040	40005	40005	40005	40005	40020	40020	40020	40020	40018	40018	40018	40018	40027	40027	40027	40027	40050	40050	40050	40050	40019	40019	40019	40019	39993	39993	39993	39993	40024	40024	40024	40024	39987	39987	39987	39987	40024	40024	40024	40024	40020	40020	40020	40020	39996	39996	39996	39996	0
0	999999	999999	999999	40045	999999	999999	999999	40004	40004	39996	999999	40040	40040	40040	40032	40005	40005	39997	999999	40020	40020	40020	40012	40018	40018	40010	999999	40027	40027	40027	40019	40050	999999	999999	999999	40019	40019	40011	999999	39993	39985	999999	999999	40024	40024	40024	40016	39987	39979	999999	999999	40024	40024	40024	40016	40020	40020	40012	999999	39996	39988	999999	999999	0
40045	40045	999999	999999	999999	0	999999	999999	40020	40020	999999	999999	39990	39990	39982	999999	40029	40029	999999	999999	40004	40004	40004	39996	40011	40011	40011	40003	39997	39997	39989	999999	39987	39987	39979	999999	40004	40004	40004	39996	40033	40033	999999	999999	39998	39998	39990	999999	40053	40053	999999	999999	40011	40011	40011	40003	40024	40024	999999	999999	40035	40035	999999	999999	0
40045	40045	40045	999999	999999	999999	0	999999	40020	40020	40020	999999	39990	39990	39990	39982	40029	40029	40029	999999	40004	40004	40004	999999	40011	40011	40011	999999	39997	39997	39997	39989	39987	39987	39987	39979	40004	40004	40004	999999	40033	40033	40033	999999	39998	39998	39998	39990	40053	40053	40053	999999	40011	40011	40011	999999	40024	40024	40024	999999	40035	40035	40035	999999	0
40045	40045	40045	40045	999999	999999	999999	0	40020	40020	40020	40020	39990	39990	39990	39990	40029	40029	40029	40029	40004	40004	40004	40004	40011	40011	40011	40011	39997	39997	39997	39997	39987	39987	39987	39987	40004	40004	40004	40004	40033	40033	40033	40033	39998	39998	39998	39998	40053	40053	40053	40053	40011	40011	40011	40011	40024	40024	40024	40024	40035	40035	40035	40035	0
40045	999999	999999	999999	0	999999	999999	999999	40020	40020	40020	40012	39990	39982	999999	999999	40029	40029	40029	40021	40004	40004	39996	999999	40011	40011	40003	999999	39997	39989	999999	999999	39987	39979	999999	999999	40004	40004	39996	999999	40033	40033	40033	40025	39998	39990	999999	999999	40053	999999	999999	999999	40011	40011	40003	999999	40024	40024	40024	40016	40035	40035	40035	40027	0
40004	40004	40004	39996	40020	40020	999999	999999	999999	0	999999	999999	40014	40014	40014	40006	39990	39990	39982	999999	39994	39994	39986	999999	40004	40004	40004	39996	40006	40006	40006	39998	40025	40025	999999	999999	39999	39999	39991	999999	39990	39990	39982	999999	40001	40001	40001	39993	40010	40010	40010	40002	39999	39999	39991	999999	40015	40015	40015	40007	39992	39992	39984	999999	0
40004	40004	40004	999999	40020	40020	40020	999999	999999	999999	0	999999	40014	40014	40014	999999	39990	39990	39990	39982	39994	39994	39994	39986	40004	40004	40004	999999	40006	40006	40006	999999	40025	40025	40025	999999	39999	39999	39999	39991	39990	39990	39990	39982	40001	40001	40001	999999	40010	40010	40010	999999	39999	39999	39999	39991	40015	40015	40015	999999	39992	39992	39992	39984	0
40004	40004	40004	40004	40020	40020	40020	40020	999999	999999	999999	0	40014	40014	40014	40014	39990	39990	39990	39990	39994	39994	39994	39994	40004	40004	40004	40004	40006	40006	40006	40006	40025	40025	40025	40025	39999	39999	39999	39999	39990	39990	39990	39990	40001	40001	40001	40001	40010	40010	40010	40010	39999	39999	39999	39999	40015	40015	40015	40015	39992	39992	39992	39992	0
40004	40004	39996	999999	40020	40020	40020	40012	0	999999	999999	999999	40014	40014	40006	999999	39990	39982	999999	999999	39994	39986	999999	999999	40004	40004	39996	999999	40006	40006	39998	999999	40025	40025	40025	40017	39999	39991	999999	999999	39990	39982	999999	999999	40001	40001	39993	999999	40010	40010	40002	999999	39999	39991	999999	999999	40015	40015	40007	999999	39992	39984	999999	999999	0
40040	40040	999999	999999	39990	39990	39982	999999	40014	40014	40014	40006	999999	0	999999	999999	40020	40020	999999	999999	39997	39997	39989	999999	40014	40014	40014	40006	40000	40000	40000	39992	39989	39989	39981	999999	40004	40004	40004	39996	40027	40027	999999	999999	39997	39997	39989	999999	40047	40047	999999	999999	40000	40000	40000	39992	40028	40028	999999	999999	40028	40028	999999	999999	0
40040	40040	40040	999999	39990	39990	39990	39982	40014	40014	40014	999999	999999	999999	0	999999	40020	40020	40020	999999	39997	39997	39997	39989	40014	40014	40014	999999	40000	40000	40000	999999	39989	39989	39989	39981	40004	40004	40004	999999	40027	40027	40027	999999	39997	39997	39997	39989	40047	40047	40047	999999	40000	40000	40000	999999	40028	40028	40028	999999	40028	40028	40028	999999	0
40040	40040	40040	40040	39990	39990	39990	39990	40014	40014	40014	40014	999999	999999	999999	0	40020	40020	40020	40020	39997	39997	39997	39997	40014	40014	40014	40014	40000	40000	40000	40000	39989	39989	39989	39989	40004	40004	40004	40004	40027	40027	40027	40027	39997	39997	39997	39997	40047	40047	40047	40047	40000	40000	40000	40000	40028	40028	40028	40028	40028	40028	40028	40028	0
40040	40040	40040	40032	39990	39982	999999	999999	40014	40014	40006	999999	0	999999	999999	999999	40020	40020	40020	40012	39997	39989	999999	999999	40014	40014	40006	999999	40000	40000	39992	999999	39989	39981	999999	999999	40004	40004	39996	999999	40027	40027	40027	40019	39997	39989	999999	999999	40047	999999	999999	999999	40000	40000	39992	999999	40028	40028	40028	40020	40028	40028	40028	40020	0
40005	40005	40005	39997	40029	40029	999999	999999	39990	39990	39982	999999	40020	40020	999999	999999	999999	0	999999	999999	40002	40002	40002	39994	40017	40017	40017	40009	40018	40018	40018	40010	40032	40032	999999	999999	40010	40010	40010	40002	39990	39990	39982	999999	40012	40012	40012	40004	40008	40008	40008	40000	39999	39999	39999	39991	40027	40027	999999	999999	39987	39987	39979	999999	0
40005	40005	40005	999999	40029	40029	40029	999999	39990	39990	39990	39982	40020	40020	40020	999999	999999	999999	0	999999	40002	40002	40002	999999	40017	40017	40017	999999	40018	40018	40018	999999	40032	40032	40032	999999	40010	40010	40010	999999	39990	39990	39990	39982	40012	40012	40012	999999	40008	40008	40008	999999	39999	39999	39999	999999	40027	40027	40027	999999	39987	39987	39987	39979	0
40005	40005	40005	40005	40029	40029	40029	40029	39990	39990	39990	39990	40020	40020	40020	40020	999999	999999	999999	0	40002	40002	40002	40002	40017	40017	40017	40017	40018	40018	40018	40018	40032	40032	40032	40032	40010	40010	40010	40010	39990	39990	39990	39990	40012	40012	40012	40012	40008	40008	40008	40008	39999	39999	39999	39999	40027	40027	40027	40027	39987	39987	39987	39987	0
40005	40005	39997	999999	40029	40029	40029	40021	39990	39982	999999	999999	40020	40020	40020	40012	0	999999	999999	999999	40002	40002	39994	999999	40017	40017	40009	999999	40018	40018	40010	999999	40032	40032	40032	40024	40010	40010	40002	999999	39990	39982	999999	999999	40012	40012	40004	999999	40008	40008	40000	999999	39999	39999	39991	999999	40027	40027	40027	40019	39987	39979	999999	999999	0
40020	40020	999999	999999	40004	40004	40004	39996	39994	39994	39986	999999	39997	39997	39989	999999	40002	40002	40002	39994	999999	0	999999	999999	40002	40002	40002	39994	39995	39995	39987	999999	40008	40008	40008	40000	39992	39992	39984	999999	40007	40007	40007	39999	39989	39989	39981	999999	40027	40027	999999	999999	39989	39989	39981	999999	40017	40017	40017	40009	40008	40008	40008	40000	0
40020	40020	40020	999999	40004	40004	40004	999999	39994	39994	39994	39986	39997	39997	39997	39989	40002	40002	40002	999999	999999	999999	0	999999	40002	40002	40002	999999	39995	39995	39995	39987	40008	40008	40008	999999	39992	39992	39992	39984	40007	40007	40007	999999	39989	39989	39989	39981	40027	40027	40027	999999	39989	39989	39989	39981	40017	40017	40017	999999	40008	40008	40008	999999	0
40020	40020	40020	40020	40004	40004	40004	40004	39994	39994	39994	39994	39997	39997	39997	39997	40002	40002	40002	40002	999999	999999	999999	0	40002	40002	40002	40002	39995	39995	39995	39995	40008	40008	40008	40008	39992	39992	39992	39992	40007	40007	40007	40007	39989	39989	39989	39989	40027	40027	40027	40027	39989	39989	39989	39989	40017	40017	40017	40017	40008	40008	40008	40008	0
40020	40020	40020	40012	40004	40004	39996	999999	39994	39986	999999	999999	39997	39989	999999	999999	40002	40002	39994	999999	0	999999	999999	999999	40002	40002	39994	999999	39995	39987	999999	999999	40008	40008	40000	999999	39992	39984	999999	999999	40007	40007	39999	999999	39989	39981	999999	999999	40027	40027	40027	40019	39989	39981	999999	999999	40017	40017	40009	999999	40008	40008	40000	999999	0
40018	40018	40018	40010	40011	40011	40011	40003	40004	40004	40004	39996	40014	40014	40014	40006	40017	40017	40017	40009	40002	40002	40002	39994	999999	0	999999	999999	39992	39992	39984	999999	40019	40019	40019	40011	39989	39989	39981	999999	40013	40013	40013	40005	39994	39994	39986	999999	40028	40028	999999	999999	40014	40014	40014	40006	39992	39992	39984	999999	40016	40016	40016	40008	0
40018	40018	40018	999999	40011	40011	40011	999999	40004	40004	40004	999999	40014	40014	40014	999999	40017	40017	40017	999999	40002	40002	40002	999999	999999	999999	0	999999	39992	39992	39992	39984	40019	40019	40019	999999	39989	39989	39989	39981	40013	40013	40013	999999	39994	39994	39994	39986	40028	40028	40028	999999	40014	40014	40014	999999	39992	39992	39992	39984	40016	40016	40016	999999	0
40018	40018	40018	40018	40011	40011	40011	40011	40004	40004	40004	40004	40014	40014	40014	40014	40017	40017	40017	40017	40002	40002	40002	40002	999999	999999	999999	0	39992	39992	39992	39992	40019	40019	40019	40019	39989	39989	39989	39989	40013	40013	40013	40013	39994	39994	39994	39994	40028	40028	40028	40028	40014	40014	40014	40014	39992	39992	39992	39992	40016	40016	40016	40016	0
40018	40018	40010	999999	40011	40011	40003	999999	40004	40004	39996	999999	40014	40014	40006	999999	40017	40017	40009	999999	40002	40002	39994	999999	0	999999	999999	999999	39992	39984	999999	999999	40019	40019	40011	999999	39989	39981	999999	999999	40013	40013	40005	999999	39994	39986	999999	999999	40028	40028	40028	40020	40014	40014	40006	999999	39992	39984	999999	999999	40016	40016	40008	999999	0
40027	40027	999999	999999	39997	39997	39989	999999	40006	40006	40006	39998	40000	40000	40000	39992	40018	40018	40018	40010	39995	39995	39987	999999	39992	39992	39984	999999	999999	0	999999	999999	40005	40005	40005	39997	39986	39986	39978	999999	40018	40018	40018	40010	39984	39984	39976	999999	40036	40036	999999	999999	40007	40007	40007	39999	40006	40006	40006	39998	40020	40020	999999	999999	0
40027	40027	40027	999999	39997	39997	39997	39989	40006	40006	40006	999999	40000	40000	40000	999999	40018	40018	40018	999999	39995	39995	39995	39987	39992	39992	39992	39984	999999	999999	0	999999	40005	40005	40005	999999	39986	39986	39986	39978	40018	40018	40018	999999	39984	39984	39984	39976	40036	40036	40036	999999	40007	40007	40007	999999	40006	40006	40006	999999	40020	40020	40020	999999	0
40027	40027	40027	40027	39997	39997	39997	39997	40006	40006	40006	40006	40000	40000	40000	40000	40018	40018	40018	40018	39995	39995	39995	39995	39992	39992	39992	39992	999999	999999	999999	0	40005	40005	40005	40005	39986	39986	39986	39986	40018	40018	40018	40018	39984	39984	39984	39984	40036	40036	40036	40036	40007	40007	40007	40007	40006	40006	40006	40006	40020	40020	40020	40020	0
40027	40027	40027	40019	39997	39989	999999	999999	40006	40006	39998	999999	40000	40000	39992	999999	40018	40018	40010	999999	39995	39987	999999	999999	39992	39984	999999	999999	0	999999	999999	999999	40005	40005	39997	999999	39986	39978	999999	999999	40018	40018	40010	999999	39984	39976	999999	999999	40036	40036	40036	40028	40007	40007	39999	999999	40006	40006	39998	999999	40020	40020	40020	40012	0
40050	40050	999999	999999	39987	39987	39979	999999	40025	40025	999999	999999	39989	39989	39981	999999	40032	40032	999999	999999	40008	40008	40008	40000	40019	40019	40019	40011	40005	40005	40005	39997	999999	0	999999	999999	40011	40011	40011	40003	40038	40038	999999	999999	40005	40005	40005	39997	40057	40057	999999	999999	40011	40011	40011	40003	40032	40032	999999	999999	40038	40038	999999	999999	0
40050	40050	40050	999999	39987	39987	39987	39979	40025	40025	40025	999999	39989	39989	39989	39981	40032	40032	40032	999999	40008	40008	40008	999999	40019	40019	40019	999999	40005	40005	40005	999999	999999	999999	0	999999	40011	40011	40011	999999	40038	40038	40038	999999	40005	40005	40005	999999	40057	40057	40057	999999	40011	40011	40011	999999	40032	40032	40032	999999	40038	40038	40038	999999	0
40050	40050	40050	40050	39987	39987	39987	39987	40025	40025	40025	40025	39989	39989	39989	39989	40032	40032	40032	40032	40008	40008	40008	40008	40019	40019	40019	40019	40005	40005	40005	40005	999999	999999	999999	0	40011	40011	40011	40011	40038	40038	40038	40038	40005	40005	40005	40005	40057	40057	40057	40057	40011	40011	40011	40011	40032	40032	40032	40032	40038	40038	40038	40038	0
40050	999999	999999	999999	39987	39979	999999	999999	40025	40025	40025	40017	39989	39981	999999	999999	40032	40032	40032	40024	40008	40008	40000	999999	40019	40019	40011	999999	40005	40005	39997	999999	0	999999	999999	999999	40011	40011	40003	999999	40038	40038	40038	40030	40005	40005	39997	999999	40057	999999	999999	999999	40011	40011	40003	999999	40032	40032	40032	40024	40038	40038	40038	40030	0
40019	40019	40019	40011	40004	40004	40004	39996	39999	39999	39991	999999	40004	40004	40004	39996	40010	40010	40010	40002	39992	39992	39984	999999	39989	39989	39981	999999	39986	39986	39978	999999	40011	40011	40011	40003	999999	0	999999	999999	40010	40010	40010	40002	39984	39984	39976	999999	40028	40028	999999	999999	40004	40004	40004	39996	40003	40003	40003	39995	40013	40013	40013	40005	0
40019	40019	40019	999999	40004	40004	40004	999999	39999	39999	39999	39991	40004	40004	40004	999999	40010	40010	40010	999999	39992	39992	39992	39984	39989	39989	39989	39981	39986	39986	39986	39978	40011	40011	40011	999999	999999	999999	0	999999	40010	40010	40010	999999	39984	39984	39984	39976	40028	40028	40028	999999	40004	40004	40004	999999	40003	40003	40003	999999	40013	40013	40013	999999	0
40019	40019	40019	40019	40004	40004	40004	40004	39999	39999	39999	39999	40004	40004	40004	40004	40010	40010	40010	40010	39992	39992	39992	39992	39989	39989	39989	39989	39986	39986	39986	39986	40011	40011	40011	40011	999999	999999	999999	0	40010	40010	40010	40010	39984	39984	39984	39984	40028	40028	40028	40028	40004	40004	40004	40004	40003	40003	40003	40003	40013	40013	40013	40013	0
40019	40019	40011	999999	40004	40004	39996	999999	39999	39991	999999	999999	40004	40004	39996	999999	40010	40010	40002	999999	39992	39984	999999	999999	39989	39981	999999	999999	39986	39978	999999	999999	40011	40011	40003	999999	0	999999	999999	999999	40010	40010	40002	999999	39984	39976	999999	999999	40028	40028	40028	40020	40004	40004	39996	999999	40003	40003	39995	999999	40013	40013	40005	999999	0
39993	39993	39985	999999	40033	40033	999999	999999	39990	39990	39982	999999	40027	40027	999999	999999	39990	39990	39982	999999	40007	40007	40007	39999	40013	40013	40013	40005	40018	40018	40018	40010	40038	40038	999999	999999	40010	40010	40010	40002	999999	0	999999	999999	40014	40014	40014	40006	39998	39998	39990	999999	40009	40009	40009	40001	40020	40020	999999	999999	39981	39981	39973	999999	0
39993	39993	39993	39985	40033	40033	40033	999999	39990	39990	39990	39982	40027	40027	40027	999999	39990	39990	39990	39982	40007	40007	40007	999999	40013	40013	40013	999999	40018	40018	40018	999999	40038	40038	40038	999999	40010	40010	40010	999999	999999	999999	0	999999	40014	40014	40014	999999	39998	39998	39998	39990	40009	40009	40009	999999	40020	40020	40020	999999	39981	39981	39981	39973	0
39993	39993	39993	39993	40033	40033	40033	40033	39990	39990	39990	39990	40027	40027	40027	40027	39990	39990	39990	39990	40007	40007	40007	40007	40013	40013	40013	40013	40018	40018	40018	40018	40038	40038	40038	40038	40010	40010	40010	40010	999999	999999	999999	0	40014	40014	40014	40014	39998	39998	39998	39998	40009	40009	40009	40009	40020	40020	40020	40020	39981	39981	39981	39981	0
39993	39985	999999	999999	40033	40033	40033	40025	39990	39982	999999	999999	40027	40027	40027	40019	39990	39982	999999	999999	40007	40007	39999	999999	40013	40013	40005	999999	40018	40018	40010	999999	40038	40038	40038	40030	40010	40010	40002	999999	0	999999	999999	999999	40014	40014	40006	999999	39998	39990	999999	999999	40009	40009	40001	999999	40020	40020	40020	40012	39981	39973	999999	999999	0
40024	40024	999999	999999	39998	39998	39990	999999	40001	40001	40001	39993	39997	39997	39989	999999	40012	40012	40012	40004	39989	39989	39981	999999	39994	39994	39986	999999	39984	39984	39976	999999	40005	40005	40005	39997	39984	39984	39976	999999	40014	40014	40014	40006	999999	0	999999	999999	40032	40032	999999	999999	40001	40001	40001	39993	40009	40009	40009	40001	40016	40016	40016	40008	0
40024	40024	40024	999999	39998	39998	39998	39990	40001	40001	40001	999999	39997	39997	39997	39989	40012	40012	40012	999999	39989	39989	39989	39981	39994	39994	39994	39986	39984	39984	39984	39976	40005	40005	40005	999999	39984	39984	39984	39976	40014	40014	40014	999999	999999	999999	0	999999	40032	40032	40032	999999	40001	40001	40001	999999	40009	40009	40009	999999	40016	40016	40016	999999	0
40024	40024	40024	40024	39998	39998	39998	39998	40001	40001	40001	40001	39997	39997	39997	39997	40012	40012	40012	40012	39989	39989	39989	39989	39994	39994	39994	39994	39984	39984	39984	39984	40005	40005	40005	40005	39984	39984	39984	39984	40014	40014	40014	40014	999999	999999	999999	0	40032	40032	40032	40032	40001	40001	40001	40001	40009	40009	40009	40009	40016	40016	40016	40016	0
40024	40024	40024	40016	39998	39990	999999	999999	40001	40001	39993	999999	39997	39989	999999	999999	40012	40012	40004	999999	39989	39981	999999	999999	39994	39986	999999	999999	39984	39976	999999	999999	40005	40005	39997	999999	39984	39976	999999	999999	40014	40014	40006	999999	0	999999	999999	999999	40032	40032	40032	40024	40001	40001	39993	999999	40009	40009	40001	999999	40016	40016	40008	999999	0
39987	39987	39979	999999	40053	40053	999999	999999	40010	40010	40010	40002	40047	40047	999999	999999	40008	40008	40008	40000	40027	40027	999999	999999	40028	40028	999999	999999	40036	40036	999999	999999	40057	40057	999999	999999	40028	40028	999999	999999	39998	39998	39990	999999	40032	40032	999999	999999	999999	0	999999	999999	40029	40029	999999	999999	40030	40030	999999	999999	39998	39998	39990	999999	0
39987	39987	39987	39979	40053	40053	40053	999999	40010	40010	40010	999999	40047	40047	40047	999999	40008	40008	40008	999999	40027	40027	40027	999999	40028	40028	40028	999999	40036	40036	40036	999999	40057	40057	40057	999999	40028	40028	40028	999999	39998	39998	39998	39990	40032	40032	40032	999999	999999	999999	0	999999	40029	40029	40029	999999	40030	40030	40030	999999	39998	39998	39998	39990	0
39987	39987	39987	39987	40053	40053	40053	40053	40010	40010	40010	40010	40047	40047	40047	40047	40008	40008	40008	40008	40027	40027	40027	40027	40028	40028	40028	40028	40036	40036	40036	40036	40057	40057	40057	40057	40028	40028	40028	40028	39998	39998	39998	39998	40032	40032	40032	40032	999999	999999	999999	0	40029	40029	40029	40029	40030	40030	40030	40030	39998	39998	39998	39998	0
39987	39979	999999	999999	40053	999999	999999	999999	40010	40010	40002	999999	40047	999999	999999	999999	40008	40008	40000	999999	40027	40027	40027	40019	40028	40028	40028	40020	40036	40036	40036	40028	40057	999999	999999	999999	40028	40028	40028	40020	39998	39990	999999	999999	40032	40032	40032	40024	0	999999	999999	999999	40029	40029	40029	40021	40030	40030	40030	40022	39998	39990	999999	999999	0
40024	40024	999999	999999	40011	40011	40011	40003	39999	39999	39991	999999	40000	40000	40000	39992	39999	39999	39999	39991	39989	39989	39981	999999	40014	40014	40014	40006	40007	40007	40007	39999	40011	40011	40011	40003	40004	40004	40004	39996	40009	40009	40009	40001	40001	40001	40001	39993	40029	40029	999999	999999	999999	0	999999	999999	40028	40028	999999	999999	40008	40008	40008	40000	0
40024	40024	40024	999999	40011	40011	40011	999999	39999	39999	39999	39991	40000	40000	40000	999999	39999	39999	39999	999999	39989	39989	39989	39981	40014	40014	40014	999999	40007	40007	40007	999999	40011	40011	40011	999999	40004	40004	40004	999999	40009	40009	40009	999999	40001	40001	40001	999999	40029	40029	40029	999999	999999	999999	0	999999	40028	40028	40028	999999	40008	40008	40008	999999	0
40024	40024	40024	40024	40011	40011	40011	40011	39999	39999	39999	39999	40000	40000	40000	40000	39999	39999	39999	39999	39989	39989	39989	39989	40014	40014	40014	40014	40007	40007	40007	40007	40011	40011	40011	40011	40004	40004	40004	40004	40009	40009	40009	40009	40001	40001	40001	40001	40029	40029	40029	40029	999999	999999	999999	0	40028	40028	40028	40028	40008	40008	40008	40008	0
40024	40024	40024	40016	40011	40011	40003	999999	39999	39991	999999	999999	40000	40000	39992	999999	39999	39999	39991	999999	39989	39981	999999	999999	40014	40014	40006	999999	40007	40007	39999	999999	40011	40011	40003	999999	40004	40004	39996	999999	40009	40009	40001	999999	40001	40001	39993	999999	40029	40029	40029	40021	0	999999	999999	999999	40028	40028	40028	40020	40008	40008	40000	999999	0
40020	40020	40020	40012	40024	40024	999999	999999	40015	40015	40015	40007	40028	40028	999999	999999	40027	40027	999999	999999	40017	40017	40017	40009	39992	39992	39984	999999	40006	40006	40006	39998	40032	40032	999999	999999	40003	40003	40003	39995	40020	40020	999999	999999	40009	40009	40009	40001	40030	40030	999999	999999	40028	40028	999999	999999	999999	0	999999	999999	40024	40024	999999	999999	0
40020	40020	40020	999999	40024	40024	40024	999999	40015	40015	40015	999999	40028	40028	40028	999999	40027	40027	40027	999999	40017	40017	40017	999999	39992	39992	39992	39984	40006	40006	40006	999999	40032	40032	40032	999999	40003	40003	40003	999999	40020	40020	40020	999999	40009	40009	40009	999999	40030	40030	40030	999999	40028	40028	40028	999999	999999	999999	0	999999	40024	40024	40024	999999	0
40020	40020	40020	40020	40024	40024	40024	40024	40015	40015	40015	40015	40028	40028	40028	40028	40027	40027	40027	40027	40017	40017	40017	40017	39992	39992	39992	39992	40006	40006	40006	40006	40032	40032	40032	40032	40003	40003	40003	40003	40020	40020	40020	40020	40009	40009	40009	40009	40030	40030	40030	40030	40028	40028	40028	40028	999999	999999	999999	0	40024	40024	40024	40024	0
40020	40020	40012	999999	40024	40024	40024	40016	40015	40015	40007	999999	40028	40028	40028	40020	40027	40027	40027	40019	40017	40017	40009	999999	39992	39984	999999	999999	40006	40006	39998	999999	40032	40032	40032	40024	40003	40003	39995	999999	40020	40020	40020	40012	40009	40009	40001	999999	40030	40030	40030	40022	40028	40028	40028	40020	0	999999	999999	999999	40024	40024	40024	40016	0
39996	39996	39988	999999	40035	40035	999999	999999	39992	39992	39984	999999	40028	40028	999999	999999	39987	39987	39979	999999	40008	40008	40008	40000	40016	40016	40016	40008	40020	40020	999999	999999	40038	40038	999999	999999	40013	40013	40013	40005	39981	39981	39973	999999	40016	40016	40016	40008	39998	39998	39990	999999	40008	40008	40008	40000	40024	40024	999999	999999	999999	0	999999	999999	0
39996	39996	39996	39988	40035	40035	40035	999999	39992	39992	39992	39984	40028	40028	40028	999999	39987	39987	39987	39979	40008	40008	40008	999999	40016	40016	40016	999999	40020	40020	40020	999999	40038	40038	40038	999999	40013	40013	40013	999999	39981	39981	39981	39973	40016	40016	40016	999999	39998	39998	39998	39990	40008	40008	40008	999999	40024	40024	40024	999999	999999	999999	0	999999	0
39996	39996	39996	39996	40035	40035	40035	40035	39992	39992	39992	39992	40028	40028	40028	40028	39987	39987	39987	39987	40008	40008	40008	40008	40016	40016	40016	40016	40020	40020	40020	40020	40038	40038	40038	40038	40013	40013	40013	40013	39981	39981	39981	39981	40016	40016	40016	40016	39998	39998	39998	39998	40008	40008	40008	40008	40024	40024	40024	40024	999999	999999	999999	0	0
39996	39988	999999	999999	40035	40035	40035	40027	39992	39984	999999	999999	40028	40028	40028	40020	39987	39979	999999	999999	40008	40008	40000	999999	40016	40016	40008	999999	40020	40020	40020	40012	40038	40038	40038	40030	40013	40013	40005	999999	39981	39973	999999	999999	40016	40016	40008	999999	39998	39990	999999	999999	40008	40008	40000	999999	40024	40024	40024	40016	0	999999	999999	999999	0
39969	999999	999999	999999	39969	999999	999999	999999	39969	999999	999999	999999	39969	999999	999999	999999	39969	999999	999999	999999	39969	999999	999999	999999	39969	999999	999999	999999	39969	999999	999999	999999	39969	999999	999999	999999	39969	999999	999999	999999	39969	999999	999999	999999	39969	999999	999999	999999	39969	999999	999999	999999	39969	999999	999999	999999	39969	999999	999999	999999	39969	999999	999999	999999	999999
GTSP_SET_SECTION:
1 1 2 3 4 -1
2 5 6 7 8 -1
3 9 10 11 12 -1
4 13 14 15 16 -1
5 17 18 19 20 -1
6 21 22 23 24 -1
7 25 26 27 28 -1
8 29 30 31 32 -1
9 33 34 35 36 -1
10 37 38 39 40 -1
11 41 42 43 44 -1
12 45 46 47 48 -1
13 49 50 51 52 -1
14 53 54 55 56 -1
15 57 58 59 60 -1
16 61 62 63 64 -1
17 65 -1
EOF