NAME:  test1
TYPE: AGTSP
COMMENT: gtsp tours
DIMENSION:  65
GTSP_SETS: 17
EDGE_WEIGHT_TYPE: EXPLICIT
EDGE_WEIGHT_FORMAT: FULL_MATRIX 
EDGE_WEIGHT_SECTION
999999	0	999999	999999	41652	41652	41644	999999	41662	41662	41662	41654	41680	41680	41680	41672	41649	41649	41641	999999	41669	41669	41669	41661	41675	41675	41675	41667	41648	41648	41640	999999	41672	41672	41672	41664	41677	41677	41677	41669	41664	41664	41664	41656	41674	41674	41674	41666	41678	41678	41678	41670	41684	41684	999999	999999	41692	41692	999999	999999	41672	41672	41672	41664	0
999999	999999	0	999999	41652	41652	41652	41644	41662	41662	41662	999999	41680	41680	41680	999999	41649	41649	41649	41641	41669	41669	41669	999999	41675	41675	41675	999999	41648	41648	41648	41640	41672	41672	41672	999999	41677	41677	41677	999999	41664	41664	41664	999999	41674	41674	41674	999999	41678	41678	41678	999999	41684	41684	41684	999999	41692	41692	41692	999999	41672	41672	41672	999999	0
999999	999999	999999	0	41652	41652	41652	41652	41662	41662	41662	41662	41680	41680	41680	41680	41649	41649	41649	41649	41669	41669	41669	41669	41675	41675	41675	41675	41648	41648	41648	41648	41672	41672	41672	41672	41677	41677	41677	41677	41664	41664	41664	41664	41674	41674	41674	41674	41678	41678	41678	41678	41684	41684	41684	41684	41692	41692	41692	41692	41672	41672	41672	41672	0
0	999999	999999	999999	41652	41644	999999	999999	41662	41662	41654	999999	41680	41680	41672	999999	41649	41641	999999	999999	41669	41669	41661	999999	41675	41675	41667	999999	41648	41640	999999	999999	41672	41672	41664	999999	41677	41677	41669	999999	41664	41664	41656	999999	41674	41674	41666	999999	41678	41678	41670	999999	41684	41684	41684	41676	41692	41692	41692	41684	41672	41672	41664	999999	0
41652	41652	41644	999999	999999	0	999999	999999	41650	41650	41642	999999	41678	41678	41678	41670	41659	41659	41651	999999	41681	41681	41681	41673	41673	41673	41673	41665	41645	41645	41637	999999	41667	41667	41667	41659	41688	41688	999999	999999	41654	41654	41646	999999	41684	41684	999999	999999	41680	41680	41680	41672	41694	41694	999999	999999	41688	41688	999999	999999	41682	41682	41682	41674	0
41652	41652	41652	41644	999999	999999	0	999999	41650	41650	41650	41642	41678	41678	41678	999999	41659	41659	41659	41651	41681	41681	41681	999999	41673	41673	41673	999999	41645	41645	41645	41637	41667	41667	41667	999999	41688	41688	41688	999999	41654	41654	41654	41646	41684	41684	41684	999999	41680	41680	41680	999999	41694	41694	41694	999999	41688	41688	41688	999999	41682	41682	41682	999999	0
41652	41652	41652	41652	999999	999999	999999	0	41650	41650	41650	41650	41678	41678	41678	41678	41659	41659	41659	41659	41681	41681	41681	41681	41673	41673	41673	41673	41645	41645	41645	41645	41667	41667	41667	41667	41688	41688	41688	41688	41654	41654	41654	41654	41684	41684	41684	41684	41680	41680	41680	41680	41694	41694	41694	41694	41688	41688	41688	41688	41682	41682	41682	41682	0
41652	41644	999999	999999	0	999999	999999	999999	41650	41642	999999	999999	41678	41678	41670	999999	41659	41651	999999	999999	41681	41681	41673	999999	41673	41673	41665	999999	41645	41637	999999	999999	41667	41667	41659	999999	41688	41688	41688	41680	41654	41646	999999	999999	41684	41684	41684	41676	41680	41680	41672	999999	41694	41694	41694	41686	41688	41688	41688	41680	41682	41682	41674	999999	0
41662	41662	41662	41654	41650	41650	41642	999999	999999	0	999999	999999	41681	41681	41681	41673	41668	41668	41668	41660	41689	41689	999999	999999	41677	41677	41677	41669	41654	41654	41646	999999	41669	41669	41669	41661	41697	41697	999999	999999	41653	41653	41645	999999	41694	41694	999999	999999	41686	41686	999999	999999	41703	41703	999999	999999	41690	41690	999999	999999	41692	41692	999999	999999	0
41662	41662	41662	999999	41650	41650	41650	41642	999999	999999	0	999999	41681	41681	41681	999999	41668	41668	41668	999999	41689	41689	41689	999999	41677	41677	41677	999999	41654	41654	41654	41646	41669	41669	41669	999999	41697	41697	41697	999999	41653	41653	41653	41645	41694	41694	41694	999999	41686	41686	41686	999999	41703	41703	41703	999999	41690	41690	41690	999999	41692	41692	41692	999999	0
41662	41662	41662	41662	41650	41650	41650	41650	999999	999999	999999	0	41681	41681	41681	41681	41668	41668	41668	41668	41689	41689	41689	41689	41677	41677	41677	41677	41654	41654	41654	41654	41669	41669	41669	41669	41697	41697	41697	41697	41653	41653	41653	41653	41694	41694	41694	41694	41686	41686	41686	41686	41703	41703	41703	41703	41690	41690	41690	41690	41692	41692	41692	41692	0
41662	41662	41654	999999	41650	41642	999999	999999	0	999999	999999	999999	41681	41681	41673	999999	41668	41668	41660	999999	41689	41689	41689	41681	41677	41677	41669	999999	41654	41646	999999	999999	41669	41669	41661	999999	41697	41697	41697	41689	41653	41645	999999	999999	41694	41694	41694	41686	41686	41686	41686	41678	41703	41703	41703	41695	41690	41690	41690	41682	41692	41692	41692	41684	0
41680	41680	41680	41672	41678	41678	41678	41670	41681	41681	41681	41673	999999	0	999999	999999	41675	41675	41675	41667	41703	41703	999999	999999	41646	41646	41638	999999	41676	41676	41676	41668	41653	41653	41645	999999	41708	41708	999999	999999	41669	41669	41669	41661	41686	41686	999999	999999	41653	41653	41645	999999	41691	41691	999999	999999	41652	41652	41644	999999	41685	41685	999999	999999	0
41680	41680	41680	999999	41678	41678	41678	999999	41681	41681	41681	999999	999999	999999	0	999999	41675	41675	41675	999999	41703	41703	41703	999999	41646	41646	41646	41638	41676	41676	41676	999999	41653	41653	41653	41645	41708	41708	41708	999999	41669	41669	41669	999999	41686	41686	41686	999999	41653	41653	41653	41645	41691	41691	41691	999999	41652	41652	41652	41644	41685	41685	41685	999999	0
41680	41680	41680	41680	41678	41678	41678	41678	41681	41681	41681	41681	999999	999999	999999	0	41675	41675	41675	41675	41703	41703	41703	41703	41646	41646	41646	41646	41676	41676	41676	41676	41653	41653	41653	41653	41708	41708	41708	41708	41669	41669	41669	41669	41686	41686	41686	41686	41653	41653	41653	41653	41691	41691	41691	41691	41652	41652	41652	41652	41685	41685	41685	41685	0
41680	41680	41672	999999	41678	41678	41670	999999	41681	41681	41673	999999	0	999999	999999	999999	41675	41675	41667	999999	41703	41703	41703	41695	41646	41638	999999	999999	41676	41676	41668	999999	41653	41645	999999	999999	41708	999999	999999	999999	41669	41669	41661	999999	41686	41686	41686	41678	41653	41645	999999	999999	41691	41691	41691	41683	41652	41644	999999	999999	41685	41685	41685	41677	0
41649	41649	41641	999999	41659	41659	41651	999999	41668	41668	41668	41660	41675	41675	41675	41667	999999	0	999999	999999	41669	41669	41669	41661	41670	41670	41670	41662	41654	41654	41646	999999	41670	41670	41670	41662	41675	41675	41675	41667	41666	41666	41666	41658	41666	41666	41666	41658	41671	41671	41671	41663	41676	41676	41676	41668	41687	41687	999999	999999	41664	41664	41664	41656	0
41649	41649	41649	41641	41659	41659	41659	41651	41668	41668	41668	999999	41675	41675	41675	999999	999999	999999	0	999999	41669	41669	41669	999999	41670	41670	41670	999999	41654	41654	41654	41646	41670	41670	41670	999999	41675	41675	41675	999999	41666	41666	41666	999999	41666	41666	41666	999999	41671	41671	41671	999999	41676	41676	41676	999999	41687	41687	41687	999999	41664	41664	41664	999999	0
41649	41649	41649	41649	41659	41659	41659	41659	41668	41668	41668	41668	41675	41675	41675	41675	999999	999999	999999	0	41669	41669	41669	41669	41670	41670	41670	41670	41654	41654	41654	41654	41670	41670	41670	41670	41675	41675	41675	41675	41666	41666	41666	41666	41666	41666	41666	41666	41671	41671	41671	41671	41676	41676	41676	41676	41687	41687	41687	41687	41664	41664	41664	41664	0
41649	41641	999999	999999	41659	41651	999999	999999	41668	41668	41660	999999	41675	41675	41667	999999	0	999999	999999	999999	41669	41669	41661	999999	41670	41670	41662	999999	41654	41646	999999	999999	41670	41670	41662	999999	41675	41675	41667	999999	41666	41666	41658	999999	41666	41666	41658	999999	41671	41671	41663	999999	41676	41676	41668	999999	41687	41687	41687	41679	41664	41664	41656	999999	0
41669	41669	41669	41661	41681	41681	41681	41673	41689	41689	999999	999999	41703	41703	999999	999999	41669	41669	41669	41661	999999	0	999999	999999	41698	41698	999999	999999	41678	41678	41678	41670	41698	41698	999999	999999	41648	41648	41640	999999	41693	41693	999999	999999	41668	41668	41668	41660	41696	41696	999999	999999	41676	41676	41676	41668	41714	41714	999999	999999	41667	41667	41667	41659	0
41669	41669	41669	999999	41681	41681	41681	999999	41689	41689	41689	999999	41703	41703	41703	999999	41669	41669	41669	999999	999999	999999	0	999999	41698	41698	41698	999999	41678	41678	41678	999999	41698	41698	41698	999999	41648	41648	41648	41640	41693	41693	41693	999999	41668	41668	41668	999999	41696	41696	41696	999999	41676	41676	41676	999999	41714	41714	41714	999999	41667	41667	41667	999999	0
41669	41669	41669	41669	41681	41681	41681	41681	41689	41689	41689	41689	41703	41703	41703	41703	41669	41669	41669	41669	999999	999999	999999	0	41698	41698	41698	41698	41678	41678	41678	41678	41698	41698	41698	41698	41648	41648	41648	41648	41693	41693	41693	41693	41668	41668	41668	41668	41696	41696	41696	41696	41676	41676	41676	41676	41714	41714	41714	41714	41667	41667	41667	41667	0
41669	41669	41661	999999	41681	41681	41673	999999	41689	41689	41689	41681	41703	41703	41703	41695	41669	41669	41661	999999	0	999999	999999	999999	41698	41698	41698	41690	41678	41678	41670	999999	41698	41698	41698	41690	41648	41640	999999	999999	41693	41693	41693	41685	41668	41668	41660	999999	41696	41696	41696	41688	41676	41676	41668	999999	41714	999999	999999	999999	41667	41667	41659	999999	0
41675	41675	41675	41667	41673	41673	41673	41665	41677	41677	41677	41669	41646	41646	41638	999999	41670	41670	41670	41662	41698	41698	999999	999999	999999	0	999999	999999	41671	41671	41671	41663	41649	41649	41641	999999	41703	41703	999999	999999	41665	41665	41665	41657	41683	41683	999999	999999	41653	41653	41645	999999	41688	41688	999999	999999	41657	41657	41649	999999	41681	41681	41681	41673	0
41675	41675	41675	999999	41673	41673	41673	999999	41677	41677	41677	999999	41646	41646	41646	41638	41670	41670	41670	999999	41698	41698	41698	999999	999999	999999	0	999999	41671	41671	41671	999999	41649	41649	41649	41641	41703	41703	41703	999999	41665	41665	41665	999999	41683	41683	41683	999999	41653	41653	41653	41645	41688	41688	41688	999999	41657	41657	41657	41649	41681	41681	41681	999999	0
41675	41675	41675	41675	41673	41673	41673	41673	41677	41677	41677	41677	41646	41646	41646	41646	41670	41670	41670	41670	41698	41698	41698	41698	999999	999999	999999	0	41671	41671	41671	41671	41649	41649	41649	41649	41703	41703	41703	41703	41665	41665	41665	41665	41683	41683	41683	41683	41653	41653	41653	41653	41688	41688	41688	41688	41657	41657	41657	41657	41681	41681	41681	41681	0
41675	41675	41667	999999	41673	41673	41665	999999	41677	41677	41669	999999	41646	41638	999999	999999	41670	41670	41662	999999	41698	41698	41698	41690	0	999999	999999	999999	41671	41671	41663	999999	41649	41641	999999	999999	41703	41703	41703	41695	41665	41665	41657	999999	41683	41683	41683	41675	41653	41645	999999	999999	41688	41688	41688	41680	41657	41649	999999	999999	41681	41681	41673	999999	0
41648	41648	41640	999999	41645	41645	41637	999999	41654	41654	41646	999999	41676	41676	41676	41668	41654	41654	41646	999999	41678	41678	41678	41670	41671	41671	41671	41663	999999	0	999999	999999	41666	41666	41666	41658	41685	41685	999999	999999	41656	41656	41648	999999	41680	41680	41680	41672	41676	41676	41676	41668	41689	41689	999999	999999	41687	41687	999999	999999	41677	41677	41677	41669	0
41648	41648	41648	41640	41645	41645	41645	41637	41654	41654	41654	41646	41676	41676	41676	999999	41654	41654	41654	41646	41678	41678	41678	999999	41671	41671	41671	999999	999999	999999	0	999999	41666	41666	41666	999999	41685	41685	41685	999999	41656	41656	41656	41648	41680	41680	41680	999999	41676	41676	41676	999999	41689	41689	41689	999999	41687	41687	41687	999999	41677	41677	41677	999999	0
41648	41648	41648	41648	41645	41645	41645	41645	41654	41654	41654	41654	41676	41676	41676	41676	41654	41654	41654	41654	41678	41678	41678	41678	41671	41671	41671	41671	999999	999999	999999	0	41666	41666	41666	41666	41685	41685	41685	41685	41656	41656	41656	41656	41680	41680	41680	41680	41676	41676	41676	41676	41689	41689	41689	41689	41687	41687	41687	41687	41677	41677	41677	41677	0
41648	41640	999999	999999	41645	41637	999999	999999	41654	41646	999999	999999	41676	41676	41668	999999	41654	41646	999999	999999	41678	41678	41670	999999	41671	41671	41663	999999	0	999999	999999	999999	41666	41666	41658	999999	41685	41685	41685	41677	41656	41648	999999	999999	41680	41680	41672	999999	41676	41676	41668	999999	41689	41689	41689	41681	41687	41687	41687	41679	41677	41677	41669	999999	0
41672	41672	41672	41664	41667	41667	41667	41659	41669	41669	41669	41661	41653	41653	41645	999999	41670	41670	41670	41662	41698	41698	999999	999999	41649	41649	41641	999999	41666	41666	41666	41658	999999	0	999999	999999	41704	41704	999999	999999	41656	41656	41648	999999	41687	41687	999999	999999	41662	41662	41662	41654	41694	41694	999999	999999	41661	41661	41653	999999	41686	41686	999999	999999	0
41672	41672	41672	999999	41667	41667	41667	999999	41669	41669	41669	999999	41653	41653	41653	41645	41670	41670	41670	999999	41698	41698	41698	999999	41649	41649	41649	41641	41666	41666	41666	999999	999999	999999	0	999999	41704	41704	41704	999999	41656	41656	41656	41648	41687	41687	41687	999999	41662	41662	41662	999999	41694	41694	41694	999999	41661	41661	41661	41653	41686	41686	41686	999999	0
41672	41672	41672	41672	41667	41667	41667	41667	41669	41669	41669	41669	41653	41653	41653	41653	41670	41670	41670	41670	41698	41698	41698	41698	41649	41649	41649	41649	41666	41666	41666	41666	999999	999999	999999	0	41704	41704	41704	41704	41656	41656	41656	41656	41687	41687	41687	41687	41662	41662	41662	41662	41694	41694	41694	41694	41661	41661	41661	41661	41686	41686	41686	41686	0
41672	41672	41664	999999	41667	41667	41659	999999	41669	41669	41661	999999	41653	41645	999999	999999	41670	41670	41662	999999	41698	41698	41698	41690	41649	41641	999999	999999	41666	41666	41658	999999	0	999999	999999	999999	41704	999999	999999	999999	41656	41648	999999	999999	41687	41687	41687	41679	41662	41662	41654	999999	41694	41694	41694	41686	41661	41653	999999	999999	41686	41686	41686	41678	0
41677	41677	41677	41669	41688	41688	999999	999999	41697	41697	999999	999999	41708	41708	999999	999999	41675	41675	41675	41667	41648	41648	41640	999999	41703	41703	999999	999999	41685	41685	999999	999999	41704	41704	999999	999999	999999	0	999999	999999	41700	41700	999999	999999	41668	41668	41668	41660	41699	41699	999999	999999	41673	41673	41673	41665	41719	41719	999999	999999	41667	41667	41667	41659	0
41677	41677	41677	999999	41688	41688	41688	999999	41697	41697	41697	999999	41708	41708	41708	999999	41675	41675	41675	999999	41648	41648	41648	41640	41703	41703	41703	999999	41685	41685	41685	999999	41704	41704	41704	999999	999999	999999	0	999999	41700	41700	41700	999999	41668	41668	41668	999999	41699	41699	41699	999999	41673	41673	41673	999999	41719	41719	41719	999999	41667	41667	41667	999999	0
41677	41677	41677	41677	41688	41688	41688	41688	41697	41697	41697	41697	41708	41708	41708	41708	41675	41675	41675	41675	41648	41648	41648	41648	41703	41703	41703	41703	41685	41685	41685	41685	41704	41704	41704	41704	999999	999999	999999	0	41700	41700	41700	41700	41668	41668	41668	41668	41699	41699	41699	41699	41673	41673	41673	41673	41719	41719	41719	41719	41667	41667	41667	41667	0
41677	41677	41669	999999	41688	41688	41688	41680	41697	41697	41697	41689	41708	999999	999999	999999	41675	41675	41667	999999	41648	41640	999999	999999	41703	41703	41703	41695	41685	41685	41685	41677	41704	999999	999999	999999	0	999999	999999	999999	41700	41700	41700	41692	41668	41668	41660	999999	41699	41699	41699	41691	41673	41673	41665	999999	41719	999999	999999	999999	41667	41667	41659	999999	0
41664	41664	41664	41656	41654	41654	41646	999999	41653	41653	41645	999999	41669	41669	41669	41661	41666	41666	41666	41658	41693	41693	999999	999999	41665	41665	41665	41657	41656	41656	41648	999999	41656	41656	41648	999999	41700	41700	999999	999999	999999	0	999999	999999	41690	41690	999999	999999	41675	41675	41675	41667	41699	41699	999999	999999	41677	41677	41677	41669	41688	41688	999999	999999	0
41664	41664	41664	999999	41654	41654	41654	41646	41653	41653	41653	41645	41669	41669	41669	999999	41666	41666	41666	999999	41693	41693	41693	999999	41665	41665	41665	999999	41656	41656	41656	41648	41656	41656	41656	41648	41700	41700	41700	999999	999999	999999	0	999999	41690	41690	41690	999999	41675	41675	41675	999999	41699	41699	41699	999999	41677	41677	41677	999999	41688	41688	41688	999999	0
41664	41664	41664	41664	41654	41654	41654	41654	41653	41653	41653	41653	41669	41669	41669	41669	41666	41666	41666	41666	41693	41693	41693	41693	41665	41665	41665	41665	41656	41656	41656	41656	41656	41656	41656	41656	41700	41700	41700	41700	999999	999999	999999	0	41690	41690	41690	41690	41675	41675	41675	41675	41699	41699	41699	41699	41677	41677	41677	41677	41688	41688	41688	41688	0
41664	41664	41656	999999	41654	41646	999999	999999	41653	41645	999999	999999	41669	41669	41661	999999	41666	41666	41658	999999	41693	41693	41693	41685	41665	41665	41657	999999	41656	41648	999999	999999	41656	41648	999999	999999	41700	41700	41700	41692	0	999999	999999	999999	41690	41690	41690	41682	41675	41675	41667	999999	41699	41699	41699	41691	41677	41677	41669	999999	41688	41688	41688	41680	0
41674	41674	41674	41666	41684	41684	999999	999999	41694	41694	999999	999999	41686	41686	999999	999999	41666	41666	41666	41658	41668	41668	41668	41660	41683	41683	999999	999999	41680	41680	41680	41672	41687	41687	999999	999999	41668	41668	41668	41660	41690	41690	999999	999999	999999	0	999999	999999	41675	41675	41675	41667	41650	41650	41642	999999	41697	41697	999999	999999	41642	41642	41634	999999	0
41674	41674	41674	999999	41684	41684	41684	999999	41694	41694	41694	999999	41686	41686	41686	999999	41666	41666	41666	999999	41668	41668	41668	999999	41683	41683	41683	999999	41680	41680	41680	999999	41687	41687	41687	999999	41668	41668	41668	999999	41690	41690	41690	999999	999999	999999	0	999999	41675	41675	41675	999999	41650	41650	41650	41642	41697	41697	41697	999999	41642	41642	41642	41634	0
41674	41674	41674	41674	41684	41684	41684	41684	41694	41694	41694	41694	41686	41686	41686	41686	41666	41666	41666	41666	41668	41668	41668	41668	41683	41683	41683	41683	41680	41680	41680	41680	41687	41687	41687	41687	41668	41668	41668	41668	41690	41690	41690	41690	999999	999999	999999	0	41675	41675	41675	41675	41650	41650	41650	41650	41697	41697	41697	41697	41642	41642	41642	41642	0
41674	41674	41666	999999	41684	41684	41684	41676	41694	41694	41694	41686	41686	41686	41686	41678	41666	41666	41658	999999	41668	41668	41660	999999	41683	41683	41683	41675	41680	41680	41672	999999	41687	41687	41687	41679	41668	41668	41660	999999	41690	41690	41690	41682	0	999999	999999	999999	41675	41675	41667	999999	41650	41642	999999	999999	41697	41697	41697	41689	41642	41634	999999	999999	0
41678	41678	41678	41670	41680	41680	41680	41672	41686	41686	999999	999999	41653	41653	41645	999999	41671	41671	41671	41663	41696	41696	999999	999999	41653	41653	41645	999999	41676	41676	41676	41668	41662	41662	41662	41654	41699	41699	999999	999999	41675	41675	41675	41667	41675	41675	41675	41667	999999	0	999999	999999	41679	41679	41679	41671	41662	41662	41662	41654	41674	41674	41674	41666	0
41678	41678	41678	999999	41680	41680	41680	999999	41686	41686	41686	999999	41653	41653	41653	41645	41671	41671	41671	999999	41696	41696	41696	999999	41653	41653	41653	41645	41676	41676	41676	999999	41662	41662	41662	999999	41699	41699	41699	999999	41675	41675	41675	999999	41675	41675	41675	999999	999999	999999	0	999999	41679	41679	41679	999999	41662	41662	41662	999999	41674	41674	41674	999999	0
41678	41678	41678	41678	41680	41680	41680	41680	41686	41686	41686	41686	41653	41653	41653	41653	41671	41671	41671	41671	41696	41696	41696	41696	41653	41653	41653	41653	41676	41676	41676	41676	41662	41662	41662	41662	41699	41699	41699	41699	41675	41675	41675	41675	41675	41675	41675	41675	999999	999999	999999	0	41679	41679	41679	41679	41662	41662	41662	41662	41674	41674	41674	41674	0
41678	41678	41670	999999	41680	41680	41672	999999	41686	41686	41686	41678	41653	41645	999999	999999	41671	41671	41663	999999	41696	41696	41696	41688	41653	41645	999999	999999	41676	41676	41668	999999	41662	41662	41654	999999	41699	41699	41699	41691	41675	41675	41667	999999	41675	41675	41667	999999	0	999999	999999	999999	41679	41679	41671	999999	41662	41662	41654	999999	41674	41674	41666	999999	0
41684	41684	999999	999999	41694	41694	999999	999999	41703	41703	999999	999999	41691	41691	999999	999999	41676	41676	41676	41668	41676	41676	41676	41668	41688	41688	999999	999999	41689	41689	999999	999999	41694	41694	999999	999999	41673	41673	41673	41665	41699	41699	999999	999999	41650	41650	41642	999999	41679	41679	41679	41671	999999	0	999999	999999	41700	41700	999999	999999	41652	41652	41644	999999	0
41684	41684	41684	999999	41694	41694	41694	999999	41703	41703	41703	999999	41691	41691	41691	999999	41676	41676	41676	999999	41676	41676	41676	999999	41688	41688	41688	999999	41689	41689	41689	999999	41694	41694	41694	999999	41673	41673	41673	999999	41699	41699	41699	999999	41650	41650	41650	41642	41679	41679	41679	999999	999999	999999	0	999999	41700	41700	41700	999999	41652	41652	41652	41644	0
41684	41684	41684	41684	41694	41694	41694	41694	41703	41703	41703	41703	41691	41691	41691	41691	41676	41676	41676	41676	41676	41676	41676	41676	41688	41688	41688	41688	41689	41689	41689	41689	41694	41694	41694	41694	41673	41673	41673	41673	41699	41699	41699	41699	41650	41650	41650	41650	41679	41679	41679	41679	999999	999999	999999	0	41700	41700	41700	41700	41652	41652	41652	41652	0
41684	41684	41684	41676	41694	41694	41694	41686	41703	41703	41703	41695	41691	41691	41691	41683	41676	41676	41668	999999	41676	41676	41668	999999	41688	41688	41688	41680	41689	41689	41689	41681	41694	41694	41694	41686	41673	41673	41665	999999	41699	41699	41699	41691	41650	41642	999999	999999	41679	41679	41671	999999	0	999999	999999	999999	41700	41700	41700	41692	41652	41644	999999	999999	0
41692	41692	999999	999999	41688	41688	999999	999999	41690	41690	999999	999999	41652	41652	41644	999999	41687	41687	999999	999999	41714	41714	999999	999999	41657	41657	41649	999999	41687	41687	999999	999999	41661	41661	41653	999999	41719	41719	999999	999999	41677	41677	41677	41669	41697	41697	999999	999999	41662	41662	41662	41654	41700	41700	999999	999999	999999	0	999999	999999	41695	41695	999999	999999	0
41692	41692	41692	999999	41688	41688	41688	999999	41690	41690	41690	999999	41652	41652	41652	41644	41687	41687	41687	999999	41714	41714	41714	999999	41657	41657	41657	41649	41687	41687	41687	999999	41661	41661	41661	41653	41719	41719	41719	999999	41677	41677	41677	999999	41697	41697	41697	999999	41662	41662	41662	999999	41700	41700	41700	999999	999999	999999	0	999999	41695	41695	41695	999999	0
41692	41692	41692	41692	41688	41688	41688	41688	41690	41690	41690	41690	41652	41652	41652	41652	41687	41687	41687	41687	41714	41714	41714	41714	41657	41657	41657	41657	41687	41687	41687	41687	41661	41661	41661	41661	41719	41719	41719	41719	41677	41677	41677	41677	41697	41697	41697	41697	41662	41662	41662	41662	41700	41700	41700	41700	999999	999999	999999	0	41695	41695	41695	41695	0
41692	41692	41692	41684	41688	41688	41688	41680	41690	41690	41690	41682	41652	41644	999999	999999	41687	41687	41687	41679	41714	999999	999999	999999	41657	41649	999999	999999	41687	41687	41687	41679	41661	41653	999999	999999	41719	999999	999999	999999	41677	41677	41669	999999	41697	41697	41697	41689	41662	41662	41654	999999	41700	41700	41700	41692	0	999999	999999	999999	41695	41695	41695	41687	0
41672	41672	41672	41664	41682	41682	41682	41674	41692	41692	999999	999999	41685	41685	999999	999999	41664	41664	41664	41656	41667	41667	41667	41659	41681	41681	41681	41673	41677	41677	41677	41669	41686	41686	999999	999999	41667	41667	41667	41659	41688	41688	999999	999999	41642	41642	41634	999999	41674	41674	41674	41666	41652	41652	41644	999999	41695	41695	999999	999999	999999	0	999999	999999	0
41672	41672	41672	999999	41682	41682	41682	999999	41692	41692	41692	999999	41685	41685	41685	999999	41664	41664	41664	999999	41667	41667	41667	999999	41681	41681	41681	999999	41677	41677	41677	999999	41686	41686	41686	999999	41667	41667	41667	999999	41688	41688	41688	999999	41642	41642	41642	41634	41674	41674	41674	999999	41652	41652	41652	41644	41695	41695	41695	999999	999999	999999	0	999999	0
41672	41672	41672	41672	41682	41682	41682	41682	41692	41692	41692	41692	41685	41685	41685	41685	41664	41664	41664	41664	41667	41667	41667	41667	41681	41681	41681	41681	41677	41677	41677	41677	41686	41686	41686	41686	41667	41667	41667	41667	41688	41688	41688	41688	41642	41642	41642	41642	41674	41674	41674	41674	41652	41652	41652	41652	41695	41695	41695	41695	999999	999999	999999	0	0
41672	41672	41664	999999	41682	41682	41674	999999	41692	41692	41692	41684	41685	41685	41685	41677	41664	41664	41656	999999	41667	41667	41659	999999	41681	41681	41673	999999	41677	41677	41669	999999	41686	41686	41686	41678	41667	41667	41659	999999	41688	41688	41688	41680	41642	41634	999999	999999	41674	41674	41666	999999	41652	41644	999999	999999	41695	41695	41695	41687	0	999999	999999	999999	0
41632	999999	999999	999999	41632	999999	999999	999999	41632	999999	999999	999999	41632	999999	999999	999999	41632	999999	999999	999999	41632	999999	999999	999999	41632	999999	999999	999999	41632	999999	999999	999999	41632	999999	999999	999999	41632	999999	999999	999999	41632	999999	999999	999999	41632	999999	999999	999999	41632	999999	999999	999999	41632	999999	999999	999999	41632	999999	999999	999999	41632	999999	999999	999999	999999
GTSP_SET_SECTION:
1 1 2 3 4 -1
2 5 6 7 8 -1
3 9 10 11 12 -1
4 13 14 15 16 -1
5 17 18 19 20 -1
6 21 22 23 24 -1
7 25 26 27 28 -1
8 29 30 31 32 -1
9 33 34 35 36 -1
10 37 38 39 40 -1
11 41 42 43 44 -1
12 45 46 47 48 -1
13 49 50 51 52 -1
14 53 54 55 56 -1
15 57 58 59 60 -1
16 61 62 63 64 -1
17 65 -1
EOF