NAME:  test1
TYPE: AGTSP
COMMENT: gtsp tours
DIMENSION:  65
GTSP_SETS: 17
EDGE_WEIGHT_TYPE: EXPLICIT
EDGE_WEIGHT_FORMAT: FULL_MATRIX 
EDGE_WEIGHT_SECTION
999999	0	999999	999999	28908	28908	999999	999999	28902	28902	999999	999999	28867	28867	28867	28859	28903	28903	999999	999999	28896	28896	999999	999999	28886	28886	999999	999999	28897	28897	999999	999999	28861	28861	28853	999999	28852	28852	28844	999999	28873	28873	28873	28865	28893	28893	999999	999999	28908	28908	999999	999999	28904	28904	999999	999999	28857	28857	28849	999999	28892	28892	999999	999999	0
999999	999999	0	999999	28908	28908	28908	999999	28902	28902	28902	999999	28867	28867	28867	999999	28903	28903	28903	999999	28896	28896	28896	999999	28886	28886	28886	999999	28897	28897	28897	999999	28861	28861	28861	28853	28852	28852	28852	28844	28873	28873	28873	999999	28893	28893	28893	999999	28908	28908	28908	999999	28904	28904	28904	999999	28857	28857	28857	28849	28892	28892	28892	999999	0
999999	999999	999999	0	28908	28908	28908	28908	28902	28902	28902	28902	28867	28867	28867	28867	28903	28903	28903	28903	28896	28896	28896	28896	28886	28886	28886	28886	28897	28897	28897	28897	28861	28861	28861	28861	28852	28852	28852	28852	28873	28873	28873	28873	28893	28893	28893	28893	28908	28908	28908	28908	28904	28904	28904	28904	28857	28857	28857	28857	28892	28892	28892	28892	0
0	999999	999999	999999	28908	999999	999999	999999	28902	28902	28902	28894	28867	28867	28859	999999	28903	28903	28903	28895	28896	28896	28896	28888	28886	28886	28886	28878	28897	28897	28897	28889	28861	28853	999999	999999	28852	28844	999999	999999	28873	28873	28865	999999	28893	28893	28893	28885	28908	999999	999999	999999	28904	28904	28904	28896	28857	28849	999999	999999	28892	28892	28892	28884	0
28908	28908	999999	999999	999999	0	999999	999999	28851	28851	28843	999999	28890	28890	999999	999999	28864	28864	28864	28856	28853	28853	28845	999999	28864	28864	28864	28856	28852	28852	28844	999999	28889	28889	999999	999999	28903	28903	999999	999999	28876	28876	28876	28868	28875	28875	28875	28867	28860	28860	28852	999999	28854	28854	28846	999999	28891	28891	999999	999999	28880	28880	28880	28872	0
28908	28908	28908	999999	999999	999999	0	999999	28851	28851	28851	28843	28890	28890	28890	999999	28864	28864	28864	999999	28853	28853	28853	28845	28864	28864	28864	999999	28852	28852	28852	28844	28889	28889	28889	999999	28903	28903	28903	999999	28876	28876	28876	999999	28875	28875	28875	999999	28860	28860	28860	28852	28854	28854	28854	28846	28891	28891	28891	999999	28880	28880	28880	999999	0
28908	28908	28908	28908	999999	999999	999999	0	28851	28851	28851	28851	28890	28890	28890	28890	28864	28864	28864	28864	28853	28853	28853	28853	28864	28864	28864	28864	28852	28852	28852	28852	28889	28889	28889	28889	28903	28903	28903	28903	28876	28876	28876	28876	28875	28875	28875	28875	28860	28860	28860	28860	28854	28854	28854	28854	28891	28891	28891	28891	28880	28880	28880	28880	0
28908	999999	999999	999999	0	999999	999999	999999	28851	28843	999999	999999	28890	28890	28890	28882	28864	28864	28856	999999	28853	28845	999999	999999	28864	28864	28856	999999	28852	28844	999999	999999	28889	28889	28889	28881	28903	28903	28903	28895	28876	28876	28868	999999	28875	28875	28867	999999	28860	28852	999999	999999	28854	28846	999999	999999	28891	28891	28891	28883	28880	28880	28872	999999	0
28902	28902	999999	999999	28851	28851	28843	999999	999999	0	999999	999999	28882	28882	28882	28874	28870	28870	28870	28862	28854	28854	28846	999999	28857	28857	28849	999999	28850	28850	28842	999999	28882	28882	28882	28874	28896	28896	999999	999999	28872	28872	28872	28864	28878	28878	28878	28870	28868	28868	28868	28860	28861	28861	28853	999999	28885	28885	999999	999999	28870	28870	28870	28862	0
28902	28902	28902	999999	28851	28851	28851	28843	999999	999999	0	999999	28882	28882	28882	999999	28870	28870	28870	999999	28854	28854	28854	28846	28857	28857	28857	28849	28850	28850	28850	28842	28882	28882	28882	999999	28896	28896	28896	999999	28872	28872	28872	999999	28878	28878	28878	999999	28868	28868	28868	999999	28861	28861	28861	28853	28885	28885	28885	999999	28870	28870	28870	999999	0
28902	28902	28902	28902	28851	28851	28851	28851	999999	999999	999999	0	28882	28882	28882	28882	28870	28870	28870	28870	28854	28854	28854	28854	28857	28857	28857	28857	28850	28850	28850	28850	28882	28882	28882	28882	28896	28896	28896	28896	28872	28872	28872	28872	28878	28878	28878	28878	28868	28868	28868	28868	28861	28861	28861	28861	28885	28885	28885	28885	28870	28870	28870	28870	0
28902	28902	28902	28894	28851	28843	999999	999999	0	999999	999999	999999	28882	28882	28874	999999	28870	28870	28862	999999	28854	28846	999999	999999	28857	28849	999999	999999	28850	28842	999999	999999	28882	28882	28874	999999	28896	28896	28896	28888	28872	28872	28864	999999	28878	28878	28870	999999	28868	28868	28860	999999	28861	28853	999999	999999	28885	28885	28885	28877	28870	28870	28862	999999	0
28867	28867	28867	28859	28890	28890	999999	999999	28882	28882	28882	28874	999999	0	999999	999999	28895	28895	999999	999999	28882	28882	28882	28874	28867	28867	28867	28859	28880	28880	28880	28872	28850	28850	28842	999999	28857	28857	28849	999999	28866	28866	28866	28858	28890	28890	999999	999999	28897	28897	999999	999999	28891	28891	999999	999999	28857	28857	28849	999999	28866	28866	28866	28858	0
28867	28867	28867	999999	28890	28890	28890	999999	28882	28882	28882	999999	999999	999999	0	999999	28895	28895	28895	999999	28882	28882	28882	999999	28867	28867	28867	999999	28880	28880	28880	999999	28850	28850	28850	28842	28857	28857	28857	28849	28866	28866	28866	999999	28890	28890	28890	999999	28897	28897	28897	999999	28891	28891	28891	999999	28857	28857	28857	28849	28866	28866	28866	999999	0
28867	28867	28867	28867	28890	28890	28890	28890	28882	28882	28882	28882	999999	999999	999999	0	28895	28895	28895	28895	28882	28882	28882	28882	28867	28867	28867	28867	28880	28880	28880	28880	28850	28850	28850	28850	28857	28857	28857	28857	28866	28866	28866	28866	28890	28890	28890	28890	28897	28897	28897	28897	28891	28891	28891	28891	28857	28857	28857	28857	28866	28866	28866	28866	0
28867	28867	28859	999999	28890	28890	28890	28882	28882	28882	28874	999999	0	999999	999999	999999	28895	28895	28895	28887	28882	28882	28874	999999	28867	28867	28859	999999	28880	28880	28872	999999	28850	28842	999999	999999	28857	28849	999999	999999	28866	28866	28858	999999	28890	28890	28890	28882	28897	28897	28897	28889	28891	28891	28891	28883	28857	28849	999999	999999	28866	28866	28858	999999	0
28903	28903	999999	999999	28864	28864	28864	28856	28870	28870	28870	28862	28895	28895	999999	999999	999999	0	999999	999999	28858	28858	28850	999999	28872	28872	28872	28864	28862	28862	28862	28854	28890	28890	999999	999999	28903	28903	999999	999999	28872	28872	28872	28864	28855	28855	28847	999999	28847	28847	28839	999999	28851	28851	28843	999999	28888	28888	999999	999999	28895	28895	999999	999999	0
28903	28903	28903	999999	28864	28864	28864	999999	28870	28870	28870	999999	28895	28895	28895	999999	999999	999999	0	999999	28858	28858	28858	28850	28872	28872	28872	999999	28862	28862	28862	999999	28890	28890	28890	999999	28903	28903	28903	999999	28872	28872	28872	999999	28855	28855	28855	28847	28847	28847	28847	28839	28851	28851	28851	28843	28888	28888	28888	999999	28895	28895	28895	999999	0
28903	28903	28903	28903	28864	28864	28864	28864	28870	28870	28870	28870	28895	28895	28895	28895	999999	999999	999999	0	28858	28858	28858	28858	28872	28872	28872	28872	28862	28862	28862	28862	28890	28890	28890	28890	28903	28903	28903	28903	28872	28872	28872	28872	28855	28855	28855	28855	28847	28847	28847	28847	28851	28851	28851	28851	28888	28888	28888	28888	28895	28895	28895	28895	0
28903	28903	28903	28895	28864	28864	28856	999999	28870	28870	28862	999999	28895	28895	28895	28887	0	999999	999999	999999	28858	28850	999999	999999	28872	28872	28864	999999	28862	28862	28854	999999	28890	28890	28890	28882	28903	28903	28903	28895	28872	28872	28864	999999	28855	28847	999999	999999	28847	28839	999999	999999	28851	28843	999999	999999	28888	28888	28888	28880	28895	28895	28895	28887	0
28896	28896	999999	999999	28853	28853	28845	999999	28854	28854	28846	999999	28882	28882	28882	28874	28858	28858	28850	999999	999999	0	999999	999999	28856	28856	28848	999999	28845	28845	28837	999999	28879	28879	28879	28871	28893	28893	999999	999999	28864	28864	28864	28856	28865	28865	28865	28857	28858	28858	28850	999999	28851	28851	28843	999999	28880	28880	28880	28872	28878	28878	28878	28870	0
28896	28896	28896	999999	28853	28853	28853	28845	28854	28854	28854	28846	28882	28882	28882	999999	28858	28858	28858	28850	999999	999999	0	999999	28856	28856	28856	28848	28845	28845	28845	28837	28879	28879	28879	999999	28893	28893	28893	999999	28864	28864	28864	999999	28865	28865	28865	999999	28858	28858	28858	28850	28851	28851	28851	28843	28880	28880	28880	999999	28878	28878	28878	999999	0
28896	28896	28896	28896	28853	28853	28853	28853	28854	28854	28854	28854	28882	28882	28882	28882	28858	28858	28858	28858	999999	999999	999999	0	28856	28856	28856	28856	28845	28845	28845	28845	28879	28879	28879	28879	28893	28893	28893	28893	28864	28864	28864	28864	28865	28865	28865	28865	28858	28858	28858	28858	28851	28851	28851	28851	28880	28880	28880	28880	28878	28878	28878	28878	0
28896	28896	28896	28888	28853	28845	999999	999999	28854	28846	999999	999999	28882	28882	28874	999999	28858	28850	999999	999999	0	999999	999999	999999	28856	28848	999999	999999	28845	28837	999999	999999	28879	28879	28871	999999	28893	28893	28893	28885	28864	28864	28856	999999	28865	28865	28857	999999	28858	28850	999999	999999	28851	28843	999999	999999	28880	28880	28872	999999	28878	28878	28870	999999	0
28886	28886	999999	999999	28864	28864	28864	28856	28857	28857	28849	999999	28867	28867	28867	28859	28872	28872	28872	28864	28856	28856	28848	999999	999999	0	999999	999999	28854	28854	28846	999999	28866	28866	28866	28858	28880	28880	28880	28872	28858	28858	28850	999999	28873	28873	28873	28865	28873	28873	28873	28865	28866	28866	28866	28858	28869	28869	28869	28861	28865	28865	28865	28857	0
28886	28886	28886	999999	28864	28864	28864	999999	28857	28857	28857	28849	28867	28867	28867	999999	28872	28872	28872	999999	28856	28856	28856	28848	999999	999999	0	999999	28854	28854	28854	28846	28866	28866	28866	999999	28880	28880	28880	999999	28858	28858	28858	28850	28873	28873	28873	999999	28873	28873	28873	999999	28866	28866	28866	999999	28869	28869	28869	999999	28865	28865	28865	999999	0
28886	28886	28886	28886	28864	28864	28864	28864	28857	28857	28857	28857	28867	28867	28867	28867	28872	28872	28872	28872	28856	28856	28856	28856	999999	999999	999999	0	28854	28854	28854	28854	28866	28866	28866	28866	28880	28880	28880	28880	28858	28858	28858	28858	28873	28873	28873	28873	28873	28873	28873	28873	28866	28866	28866	28866	28869	28869	28869	28869	28865	28865	28865	28865	0
28886	28886	28886	28878	28864	28864	28856	999999	28857	28849	999999	999999	28867	28867	28859	999999	28872	28872	28864	999999	28856	28848	999999	999999	0	999999	999999	999999	28854	28846	999999	999999	28866	28866	28858	999999	28880	28880	28872	999999	28858	28850	999999	999999	28873	28873	28865	999999	28873	28873	28865	999999	28866	28866	28858	999999	28869	28869	28861	999999	28865	28865	28857	999999	0
28897	28897	999999	999999	28852	28852	28844	999999	28850	28850	28842	999999	28880	28880	28880	28872	28862	28862	28862	28854	28845	28845	28837	999999	28854	28854	28846	999999	999999	0	999999	999999	28878	28878	28878	28870	28892	28892	999999	999999	28866	28866	28866	28858	28869	28869	28869	28861	28861	28861	28853	999999	28854	28854	28846	999999	28880	28880	28880	28872	28874	28874	28874	28866	0
28897	28897	28897	999999	28852	28852	28852	28844	28850	28850	28850	28842	28880	28880	28880	999999	28862	28862	28862	999999	28845	28845	28845	28837	28854	28854	28854	28846	999999	999999	0	999999	28878	28878	28878	999999	28892	28892	28892	999999	28866	28866	28866	999999	28869	28869	28869	999999	28861	28861	28861	28853	28854	28854	28854	28846	28880	28880	28880	999999	28874	28874	28874	999999	0
28897	28897	28897	28897	28852	28852	28852	28852	28850	28850	28850	28850	28880	28880	28880	28880	28862	28862	28862	28862	28845	28845	28845	28845	28854	28854	28854	28854	999999	999999	999999	0	28878	28878	28878	28878	28892	28892	28892	28892	28866	28866	28866	28866	28869	28869	28869	28869	28861	28861	28861	28861	28854	28854	28854	28854	28880	28880	28880	28880	28874	28874	28874	28874	0
28897	28897	28897	28889	28852	28844	999999	999999	28850	28842	999999	999999	28880	28880	28872	999999	28862	28862	28854	999999	28845	28837	999999	999999	28854	28846	999999	999999	0	999999	999999	999999	28878	28878	28870	999999	28892	28892	28892	28884	28866	28866	28858	999999	28869	28869	28861	999999	28861	28853	999999	999999	28854	28846	999999	999999	28880	28880	28872	999999	28874	28874	28866	999999	0
28861	28861	28853	999999	28889	28889	999999	999999	28882	28882	28882	28874	28850	28850	28842	999999	28890	28890	999999	999999	28879	28879	28879	28871	28866	28866	28866	28858	28878	28878	28878	28870	999999	0	999999	999999	28855	28855	28847	999999	28859	28859	28851	999999	28883	28883	28883	28875	28893	28893	999999	999999	28887	28887	999999	999999	28848	28848	28840	999999	28872	28872	28872	28864	0
28861	28861	28861	28853	28889	28889	28889	999999	28882	28882	28882	999999	28850	28850	28850	28842	28890	28890	28890	999999	28879	28879	28879	999999	28866	28866	28866	999999	28878	28878	28878	999999	999999	999999	0	999999	28855	28855	28855	28847	28859	28859	28859	28851	28883	28883	28883	999999	28893	28893	28893	999999	28887	28887	28887	999999	28848	28848	28848	28840	28872	28872	28872	999999	0
28861	28861	28861	28861	28889	28889	28889	28889	28882	28882	28882	28882	28850	28850	28850	28850	28890	28890	28890	28890	28879	28879	28879	28879	28866	28866	28866	28866	28878	28878	28878	28878	999999	999999	999999	0	28855	28855	28855	28855	28859	28859	28859	28859	28883	28883	28883	28883	28893	28893	28893	28893	28887	28887	28887	28887	28848	28848	28848	28848	28872	28872	28872	28872	0
28861	28853	999999	999999	28889	28889	28889	28881	28882	28882	28874	999999	28850	28842	999999	999999	28890	28890	28890	28882	28879	28879	28871	999999	28866	28866	28858	999999	28878	28878	28870	999999	0	999999	999999	999999	28855	28847	999999	999999	28859	28851	999999	999999	28883	28883	28875	999999	28893	28893	28893	28885	28887	28887	28887	28879	28848	28840	999999	999999	28872	28872	28864	999999	0
28852	28852	28844	999999	28903	28903	999999	999999	28896	28896	999999	999999	28857	28857	28849	999999	28903	28903	999999	999999	28893	28893	999999	999999	28880	28880	28880	28872	28892	28892	999999	999999	28855	28855	28847	999999	999999	0	999999	999999	28872	28872	28872	28864	28894	28894	999999	999999	28906	28906	999999	999999	28901	28901	999999	999999	28855	28855	28847	999999	28882	28882	28882	28874	0
28852	28852	28852	28844	28903	28903	28903	999999	28896	28896	28896	999999	28857	28857	28857	28849	28903	28903	28903	999999	28893	28893	28893	999999	28880	28880	28880	999999	28892	28892	28892	999999	28855	28855	28855	28847	999999	999999	0	999999	28872	28872	28872	999999	28894	28894	28894	999999	28906	28906	28906	999999	28901	28901	28901	999999	28855	28855	28855	28847	28882	28882	28882	999999	0
28852	28852	28852	28852	28903	28903	28903	28903	28896	28896	28896	28896	28857	28857	28857	28857	28903	28903	28903	28903	28893	28893	28893	28893	28880	28880	28880	28880	28892	28892	28892	28892	28855	28855	28855	28855	999999	999999	999999	0	28872	28872	28872	28872	28894	28894	28894	28894	28906	28906	28906	28906	28901	28901	28901	28901	28855	28855	28855	28855	28882	28882	28882	28882	0
28852	28844	999999	999999	28903	28903	28903	28895	28896	28896	28896	28888	28857	28849	999999	999999	28903	28903	28903	28895	28893	28893	28893	28885	28880	28880	28872	999999	28892	28892	28892	28884	28855	28847	999999	999999	0	999999	999999	999999	28872	28872	28864	999999	28894	28894	28894	28886	28906	999999	999999	999999	28901	28901	28901	28893	28855	28847	999999	999999	28882	28882	28874	999999	0
28873	28873	28873	28865	28876	28876	28876	28868	28872	28872	28872	28864	28866	28866	28866	28858	28872	28872	28872	28864	28864	28864	28864	28856	28858	28858	28850	999999	28866	28866	28866	28858	28859	28859	28851	999999	28872	28872	28872	28864	999999	0	999999	999999	28865	28865	28865	28857	28876	28876	28876	28868	28871	28871	28871	28863	28857	28857	28849	999999	28878	28878	28878	28870	0
28873	28873	28873	999999	28876	28876	28876	999999	28872	28872	28872	999999	28866	28866	28866	999999	28872	28872	28872	999999	28864	28864	28864	999999	28858	28858	28858	28850	28866	28866	28866	999999	28859	28859	28859	28851	28872	28872	28872	999999	999999	999999	0	999999	28865	28865	28865	999999	28876	28876	28876	999999	28871	28871	28871	999999	28857	28857	28857	28849	28878	28878	28878	999999	0
28873	28873	28873	28873	28876	28876	28876	28876	28872	28872	28872	28872	28866	28866	28866	28866	28872	28872	28872	28872	28864	28864	28864	28864	28858	28858	28858	28858	28866	28866	28866	28866	28859	28859	28859	28859	28872	28872	28872	28872	999999	999999	999999	0	28865	28865	28865	28865	28876	28876	28876	28876	28871	28871	28871	28871	28857	28857	28857	28857	28878	28878	28878	28878	0
28873	28873	28865	999999	28876	28876	28868	999999	28872	28872	28864	999999	28866	28866	28858	999999	28872	28872	28864	999999	28864	28864	28856	999999	28858	28850	999999	999999	28866	28866	28858	999999	28859	28851	999999	999999	28872	28872	28864	999999	0	999999	999999	999999	28865	28865	28857	999999	28876	28876	28868	999999	28871	28871	28863	999999	28857	28849	999999	999999	28878	28878	28870	999999	0
28893	28893	999999	999999	28875	28875	28875	28867	28878	28878	28878	28870	28890	28890	999999	999999	28855	28855	28847	999999	28865	28865	28865	28857	28873	28873	28873	28865	28869	28869	28869	28861	28883	28883	28883	28875	28894	28894	999999	999999	28865	28865	28865	28857	999999	0	999999	999999	28861	28861	28853	999999	28863	28863	28863	28855	28880	28880	28880	28872	28897	28897	999999	999999	0
28893	28893	28893	999999	28875	28875	28875	999999	28878	28878	28878	999999	28890	28890	28890	999999	28855	28855	28855	28847	28865	28865	28865	999999	28873	28873	28873	999999	28869	28869	28869	999999	28883	28883	28883	999999	28894	28894	28894	999999	28865	28865	28865	999999	999999	999999	0	999999	28861	28861	28861	28853	28863	28863	28863	999999	28880	28880	28880	999999	28897	28897	28897	999999	0
28893	28893	28893	28893	28875	28875	28875	28875	28878	28878	28878	28878	28890	28890	28890	28890	28855	28855	28855	28855	28865	28865	28865	28865	28873	28873	28873	28873	28869	28869	28869	28869	28883	28883	28883	28883	28894	28894	28894	28894	28865	28865	28865	28865	999999	999999	999999	0	28861	28861	28861	28861	28863	28863	28863	28863	28880	28880	28880	28880	28897	28897	28897	28897	0
28893	28893	28893	28885	28875	28875	28867	999999	28878	28878	28870	999999	28890	28890	28890	28882	28855	28847	999999	999999	28865	28865	28857	999999	28873	28873	28865	999999	28869	28869	28861	999999	28883	28883	28875	999999	28894	28894	28894	28886	28865	28865	28857	999999	0	999999	999999	999999	28861	28853	999999	999999	28863	28863	28855	999999	28880	28880	28872	999999	28897	28897	28897	28889	0
28908	28908	999999	999999	28860	28860	28852	999999	28868	28868	28868	28860	28897	28897	999999	999999	28847	28847	28839	999999	28858	28858	28850	999999	28873	28873	28873	28865	28861	28861	28853	999999	28893	28893	999999	999999	28906	28906	999999	999999	28876	28876	28876	28868	28861	28861	28853	999999	999999	0	999999	999999	28848	28848	28840	999999	28892	28892	999999	999999	28895	28895	999999	999999	0
28908	28908	28908	999999	28860	28860	28860	28852	28868	28868	28868	999999	28897	28897	28897	999999	28847	28847	28847	28839	28858	28858	28858	28850	28873	28873	28873	999999	28861	28861	28861	28853	28893	28893	28893	999999	28906	28906	28906	999999	28876	28876	28876	999999	28861	28861	28861	28853	999999	999999	0	999999	28848	28848	28848	28840	28892	28892	28892	999999	28895	28895	28895	999999	0
28908	28908	28908	28908	28860	28860	28860	28860	28868	28868	28868	28868	28897	28897	28897	28897	28847	28847	28847	28847	28858	28858	28858	28858	28873	28873	28873	28873	28861	28861	28861	28861	28893	28893	28893	28893	28906	28906	28906	28906	28876	28876	28876	28876	28861	28861	28861	28861	999999	999999	999999	0	28848	28848	28848	28848	28892	28892	28892	28892	28895	28895	28895	28895	0
28908	999999	999999	999999	28860	28852	999999	999999	28868	28868	28860	999999	28897	28897	28897	28889	28847	28839	999999	999999	28858	28850	999999	999999	28873	28873	28865	999999	28861	28853	999999	999999	28893	28893	28893	28885	28906	999999	999999	999999	28876	28876	28868	999999	28861	28853	999999	999999	0	999999	999999	999999	28848	28840	999999	999999	28892	28892	28892	28884	28895	28895	28895	28887	0
28904	28904	999999	999999	28854	28854	28846	999999	28861	28861	28853	999999	28891	28891	999999	999999	28851	28851	28843	999999	28851	28851	28843	999999	28866	28866	28866	28858	28854	28854	28846	999999	28887	28887	999999	999999	28901	28901	999999	999999	28871	28871	28871	28863	28863	28863	28863	28855	28848	28848	28840	999999	999999	0	999999	999999	28888	28888	999999	999999	28887	28887	999999	999999	0
28904	28904	28904	999999	28854	28854	28854	28846	28861	28861	28861	28853	28891	28891	28891	999999	28851	28851	28851	28843	28851	28851	28851	28843	28866	28866	28866	999999	28854	28854	28854	28846	28887	28887	28887	999999	28901	28901	28901	999999	28871	28871	28871	999999	28863	28863	28863	999999	28848	28848	28848	28840	999999	999999	0	999999	28888	28888	28888	999999	28887	28887	28887	999999	0
28904	28904	28904	28904	28854	28854	28854	28854	28861	28861	28861	28861	28891	28891	28891	28891	28851	28851	28851	28851	28851	28851	28851	28851	28866	28866	28866	28866	28854	28854	28854	28854	28887	28887	28887	28887	28901	28901	28901	28901	28871	28871	28871	28871	28863	28863	28863	28863	28848	28848	28848	28848	999999	999999	999999	0	28888	28888	28888	28888	28887	28887	28887	28887	0
28904	28904	28904	28896	28854	28846	999999	999999	28861	28853	999999	999999	28891	28891	28891	28883	28851	28843	999999	999999	28851	28843	999999	999999	28866	28866	28858	999999	28854	28846	999999	999999	28887	28887	28887	28879	28901	28901	28901	28893	28871	28871	28863	999999	28863	28863	28855	999999	28848	28840	999999	999999	0	999999	999999	999999	28888	28888	28888	28880	28887	28887	28887	28879	0
28857	28857	28849	999999	28891	28891	999999	999999	28885	28885	999999	999999	28857	28857	28849	999999	28888	28888	999999	999999	28880	28880	28880	28872	28869	28869	28869	28861	28880	28880	28880	28872	28848	28848	28840	999999	28855	28855	28847	999999	28857	28857	28849	999999	28880	28880	28880	28872	28892	28892	999999	999999	28888	28888	999999	999999	999999	0	999999	999999	28879	28879	28879	28871	0
28857	28857	28857	28849	28891	28891	28891	999999	28885	28885	28885	999999	28857	28857	28857	28849	28888	28888	28888	999999	28880	28880	28880	999999	28869	28869	28869	999999	28880	28880	28880	999999	28848	28848	28848	28840	28855	28855	28855	28847	28857	28857	28857	28849	28880	28880	28880	999999	28892	28892	28892	999999	28888	28888	28888	999999	999999	999999	0	999999	28879	28879	28879	999999	0
28857	28857	28857	28857	28891	28891	28891	28891	28885	28885	28885	28885	28857	28857	28857	28857	28888	28888	28888	28888	28880	28880	28880	28880	28869	28869	28869	28869	28880	28880	28880	28880	28848	28848	28848	28848	28855	28855	28855	28855	28857	28857	28857	28857	28880	28880	28880	28880	28892	28892	28892	28892	28888	28888	28888	28888	999999	999999	999999	0	28879	28879	28879	28879	0
28857	28849	999999	999999	28891	28891	28891	28883	28885	28885	28885	28877	28857	28849	999999	999999	28888	28888	28888	28880	28880	28880	28872	999999	28869	28869	28861	999999	28880	28880	28872	999999	28848	28840	999999	999999	28855	28847	999999	999999	28857	28849	999999	999999	28880	28880	28872	999999	28892	28892	28892	28884	28888	28888	28888	28880	0	999999	999999	999999	28879	28879	28871	999999	0
28892	28892	999999	999999	28880	28880	28880	28872	28870	28870	28870	28862	28866	28866	28866	28858	28895	28895	999999	999999	28878	28878	28878	28870	28865	28865	28865	28857	28874	28874	28874	28866	28872	28872	28872	28864	28882	28882	28882	28874	28878	28878	28878	28870	28897	28897	999999	999999	28895	28895	999999	999999	28887	28887	999999	999999	28879	28879	28879	28871	999999	0	999999	999999	0
28892	28892	28892	999999	28880	28880	28880	999999	28870	28870	28870	999999	28866	28866	28866	999999	28895	28895	28895	999999	28878	28878	28878	999999	28865	28865	28865	999999	28874	28874	28874	999999	28872	28872	28872	999999	28882	28882	28882	999999	28878	28878	28878	999999	28897	28897	28897	999999	28895	28895	28895	999999	28887	28887	28887	999999	28879	28879	28879	999999	999999	999999	0	999999	0
28892	28892	28892	28892	28880	28880	28880	28880	28870	28870	28870	28870	28866	28866	28866	28866	28895	28895	28895	28895	28878	28878	28878	28878	28865	28865	28865	28865	28874	28874	28874	28874	28872	28872	28872	28872	28882	28882	28882	28882	28878	28878	28878	28878	28897	28897	28897	28897	28895	28895	28895	28895	28887	28887	28887	28887	28879	28879	28879	28879	999999	999999	999999	0	0
28892	28892	28892	28884	28880	28880	28872	999999	28870	28870	28862	999999	28866	28866	28858	999999	28895	28895	28895	28887	28878	28878	28870	999999	28865	28865	28857	999999	28874	28874	28866	999999	28872	28872	28864	999999	28882	28882	28874	999999	28878	28878	28870	999999	28897	28897	28897	28889	28895	28895	28895	28887	28887	28887	28887	28879	28879	28879	28871	999999	0	999999	999999	999999	0
28833	999999	999999	999999	28833	999999	999999	999999	28833	999999	999999	999999	28833	999999	999999	999999	28833	999999	999999	999999	28833	999999	999999	999999	28833	999999	999999	999999	28833	999999	999999	999999	28833	999999	999999	999999	28833	999999	999999	999999	28833	999999	999999	999999	28833	999999	999999	999999	28833	999999	999999	999999	28833	999999	999999	999999	28833	999999	999999	999999	28833	999999	999999	999999	999999
GTSP_SET_SECTION:
1 1 2 3 4 -1
2 5 6 7 8 -1
3 9 10 11 12 -1
4 13 14 15 16 -1
5 17 18 19 20 -1
6 21 22 23 24 -1
7 25 26 27 28 -1
8 29 30 31 32 -1
9 33 34 35 36 -1
10 37 38 39 40 -1
11 41 42 43 44 -1
12 45 46 47 48 -1
13 49 50 51 52 -1
14 53 54 55 56 -1
15 57 58 59 60 -1
16 61 62 63 64 -1
17 65 -1
EOF