NAME:  test1
TYPE: AGTSP
COMMENT: gtsp tours
DIMENSION:  73
GTSP_SETS: 19
EDGE_WEIGHT_TYPE: EXPLICIT
EDGE_WEIGHT_FORMAT: FULL_MATRIX 
EDGE_WEIGHT_SECTION
999999	0	999999	999999	38647	38647	38639	999999	38670	38670	38670	38662	38671	38671	38671	38663	38659	38659	38659	38651	38664	38664	38664	38656	38669	38669	38669	38661	38656	38656	38656	38648	38662	38662	38662	38654	38658	38658	38658	38650	38690	38690	999999	999999	38647	38647	38639	999999	38678	38678	999999	999999	38682	38682	999999	999999	38679	38679	999999	999999	38658	38658	38658	38650	38674	38674	38674	38666	38654
999999	999999	0	999999	38647	38647	38647	38639	38670	38670	38670	999999	38671	38671	38671	999999	38659	38659	38659	999999	38664	38664	38664	999999	38669	38669	38669	999999	38656	38656	38656	999999	38662	38662	38662	999999	38658	38658	38658	999999	38690	38690	38690	999999	38647	38647	38647	38639	38678	38678	38678	999999	38682	38682	38682	999999	38679	38679	38679	999999	38658	38658	38658	999999	38674	38674	38674	999999	38654
999999	999999	999999	0	38647	38647	38647	38647	38670	38670	38670	38670	38671	38671	38671	38671	38659	38659	38659	38659	38664	38664	38664	38664	38669	38669	38669	38669	38656	38656	38656	38656	38662	38662	38662	38662	38658	38658	38658	38658	38690	38690	38690	38690	38647	38647	38647	38647	38678	38678	38678	38678	38682	38682	38682	38682	38679	38679	38679	38679	38658	38658	38658	38658	38674	38674	38674	38674	38654
0	999999	999999	999999	38647	38639	999999	999999	38670	38670	38662	999999	38671	38671	38663	999999	38659	38659	38651	999999	38664	38664	38656	999999	38669	38669	38661	999999	38656	38656	38648	999999	38662	38662	38654	999999	38658	38658	38650	999999	38690	38690	38690	38682	38647	38639	999999	999999	38678	38678	38678	38670	38682	38682	38682	38674	38679	38679	38679	38671	38658	38658	38650	999999	38674	38674	38666	999999	38654
38647	38647	38639	999999	999999	0	999999	999999	38675	38675	38675	38667	38661	38661	38661	38653	38646	38646	38638	999999	38653	38653	38645	999999	38658	38658	38658	38650	38656	38656	38656	38648	38650	38650	38642	999999	38650	38650	38642	999999	38681	38681	999999	999999	38652	38652	38644	999999	38665	38665	38665	38657	38670	38670	38670	38662	38680	38680	999999	999999	38647	38647	38639	999999	38678	38678	999999	999999	38652
38647	38647	38647	38639	999999	999999	0	999999	38675	38675	38675	999999	38661	38661	38661	999999	38646	38646	38646	38638	38653	38653	38653	38645	38658	38658	38658	999999	38656	38656	38656	999999	38650	38650	38650	38642	38650	38650	38650	38642	38681	38681	38681	999999	38652	38652	38652	38644	38665	38665	38665	999999	38670	38670	38670	999999	38680	38680	38680	999999	38647	38647	38647	38639	38678	38678	38678	999999	38652
38647	38647	38647	38647	999999	999999	999999	0	38675	38675	38675	38675	38661	38661	38661	38661	38646	38646	38646	38646	38653	38653	38653	38653	38658	38658	38658	38658	38656	38656	38656	38656	38650	38650	38650	38650	38650	38650	38650	38650	38681	38681	38681	38681	38652	38652	38652	38652	38665	38665	38665	38665	38670	38670	38670	38670	38680	38680	38680	38680	38647	38647	38647	38647	38678	38678	38678	38678	38652
38647	38639	999999	999999	0	999999	999999	999999	38675	38675	38667	999999	38661	38661	38653	999999	38646	38638	999999	999999	38653	38645	999999	999999	38658	38658	38650	999999	38656	38656	38648	999999	38650	38642	999999	999999	38650	38642	999999	999999	38681	38681	38681	38673	38652	38644	999999	999999	38665	38665	38657	999999	38670	38670	38662	999999	38680	38680	38680	38672	38647	38639	999999	999999	38678	38678	38678	38670	38652
38670	38670	38670	38662	38675	38675	38675	38667	999999	0	999999	999999	38678	38678	999999	999999	38680	38680	999999	999999	38677	38677	999999	999999	38679	38679	999999	999999	38654	38654	38646	999999	38679	38679	999999	999999	38666	38666	38666	38658	38686	38686	999999	999999	38658	38658	38658	38650	38698	38698	999999	999999	38695	38695	999999	999999	38649	38649	38641	999999	38674	38674	38674	38666	38638	38638	38630	999999	38659
38670	38670	38670	999999	38675	38675	38675	999999	999999	999999	0	999999	38678	38678	38678	999999	38680	38680	38680	999999	38677	38677	38677	999999	38679	38679	38679	999999	38654	38654	38654	38646	38679	38679	38679	999999	38666	38666	38666	999999	38686	38686	38686	999999	38658	38658	38658	999999	38698	38698	38698	999999	38695	38695	38695	999999	38649	38649	38649	38641	38674	38674	38674	999999	38638	38638	38638	38630	38659
38670	38670	38670	38670	38675	38675	38675	38675	999999	999999	999999	0	38678	38678	38678	38678	38680	38680	38680	38680	38677	38677	38677	38677	38679	38679	38679	38679	38654	38654	38654	38654	38679	38679	38679	38679	38666	38666	38666	38666	38686	38686	38686	38686	38658	38658	38658	38658	38698	38698	38698	38698	38695	38695	38695	38695	38649	38649	38649	38649	38674	38674	38674	38674	38638	38638	38638	38638	38659
38670	38670	38662	999999	38675	38675	38667	999999	0	999999	999999	999999	38678	38678	38678	38670	38680	38680	38680	38672	38677	38677	38677	38669	38679	38679	38679	38671	38654	38646	999999	999999	38679	38679	38679	38671	38666	38666	38658	999999	38686	38686	38686	38678	38658	38658	38650	999999	38698	999999	999999	999999	38695	38695	38695	38687	38649	38641	999999	999999	38674	38674	38666	999999	38638	38630	999999	999999	38659
38671	38671	38671	38663	38661	38661	38661	38653	38678	38678	999999	999999	999999	0	999999	999999	38651	38651	38643	999999	38643	38643	38635	999999	38638	38638	38630	999999	38660	38660	38660	38652	38646	38646	38638	999999	38649	38649	38641	999999	38654	38654	38646	999999	38666	38666	38666	38658	38658	38658	38658	38650	38651	38651	38643	999999	38674	38674	38674	38666	38648	38648	38640	999999	38679	38679	999999	999999	38657
38671	38671	38671	999999	38661	38661	38661	999999	38678	38678	38678	999999	999999	999999	0	999999	38651	38651	38651	38643	38643	38643	38643	38635	38638	38638	38638	38630	38660	38660	38660	999999	38646	38646	38646	38638	38649	38649	38649	38641	38654	38654	38654	38646	38666	38666	38666	999999	38658	38658	38658	999999	38651	38651	38651	38643	38674	38674	38674	999999	38648	38648	38648	38640	38679	38679	38679	999999	38657
38671	38671	38671	38671	38661	38661	38661	38661	38678	38678	38678	38678	999999	999999	999999	0	38651	38651	38651	38651	38643	38643	38643	38643	38638	38638	38638	38638	38660	38660	38660	38660	38646	38646	38646	38646	38649	38649	38649	38649	38654	38654	38654	38654	38666	38666	38666	38666	38658	38658	38658	38658	38651	38651	38651	38651	38674	38674	38674	38674	38648	38648	38648	38648	38679	38679	38679	38679	38657
38671	38671	38663	999999	38661	38661	38653	999999	38678	38678	38678	38670	0	999999	999999	999999	38651	38643	999999	999999	38643	38635	999999	999999	38638	38630	999999	999999	38660	38660	38652	999999	38646	38638	999999	999999	38649	38641	999999	999999	38654	38646	999999	999999	38666	38666	38658	999999	38658	38658	38650	999999	38651	38643	999999	999999	38674	38674	38666	999999	38648	38640	999999	999999	38679	38679	38679	38671	38657
38659	38659	38659	38651	38646	38646	38638	999999	38680	38680	999999	999999	38651	38651	38643	999999	999999	0	999999	999999	38643	38643	38635	999999	38648	38648	38640	999999	38660	38660	38660	38652	38639	38639	38631	999999	38648	38648	38640	999999	38671	38671	38671	38663	38660	38660	38660	38652	38654	38654	38646	999999	38657	38657	38657	38649	38681	38681	999999	999999	38641	38641	38633	999999	38683	38683	999999	999999	38655
38659	38659	38659	999999	38646	38646	38646	38638	38680	38680	38680	999999	38651	38651	38651	38643	999999	999999	0	999999	38643	38643	38643	38635	38648	38648	38648	38640	38660	38660	38660	999999	38639	38639	38639	38631	38648	38648	38648	38640	38671	38671	38671	999999	38660	38660	38660	999999	38654	38654	38654	38646	38657	38657	38657	999999	38681	38681	38681	999999	38641	38641	38641	38633	38683	38683	38683	999999	38655
38659	38659	38659	38659	38646	38646	38646	38646	38680	38680	38680	38680	38651	38651	38651	38651	999999	999999	999999	0	38643	38643	38643	38643	38648	38648	38648	38648	38660	38660	38660	38660	38639	38639	38639	38639	38648	38648	38648	38648	38671	38671	38671	38671	38660	38660	38660	38660	38654	38654	38654	38654	38657	38657	38657	38657	38681	38681	38681	38681	38641	38641	38641	38641	38683	38683	38683	38683	38655
38659	38659	38651	999999	38646	38638	999999	999999	38680	38680	38680	38672	38651	38643	999999	999999	0	999999	999999	999999	38643	38635	999999	999999	38648	38640	999999	999999	38660	38660	38652	999999	38639	38631	999999	999999	38648	38640	999999	999999	38671	38671	38663	999999	38660	38660	38652	999999	38654	38646	999999	999999	38657	38657	38649	999999	38681	38681	38681	38673	38641	38633	999999	999999	38683	38683	38683	38675	38655
38664	38664	38664	38656	38653	38653	38645	999999	38677	38677	999999	999999	38643	38643	38635	999999	38643	38643	38635	999999	999999	0	999999	999999	38639	38639	38631	999999	38658	38658	38658	38650	38638	38638	38630	999999	38645	38645	38637	999999	38662	38662	38662	38654	38661	38661	38661	38653	38655	38655	38647	999999	38653	38653	38645	999999	38676	38676	38676	38668	38640	38640	38632	999999	38679	38679	999999	999999	38654
38664	38664	38664	999999	38653	38653	38653	38645	38677	38677	38677	999999	38643	38643	38643	38635	38643	38643	38643	38635	999999	999999	0	999999	38639	38639	38639	38631	38658	38658	38658	999999	38638	38638	38638	38630	38645	38645	38645	38637	38662	38662	38662	999999	38661	38661	38661	999999	38655	38655	38655	38647	38653	38653	38653	38645	38676	38676	38676	999999	38640	38640	38640	38632	38679	38679	38679	999999	38654
38664	38664	38664	38664	38653	38653	38653	38653	38677	38677	38677	38677	38643	38643	38643	38643	38643	38643	38643	38643	999999	999999	999999	0	38639	38639	38639	38639	38658	38658	38658	38658	38638	38638	38638	38638	38645	38645	38645	38645	38662	38662	38662	38662	38661	38661	38661	38661	38655	38655	38655	38655	38653	38653	38653	38653	38676	38676	38676	38676	38640	38640	38640	38640	38679	38679	38679	38679	38654
38664	38664	38656	999999	38653	38645	999999	999999	38677	38677	38677	38669	38643	38635	999999	999999	38643	38635	999999	999999	0	999999	999999	999999	38639	38631	999999	999999	38658	38658	38650	999999	38638	38630	999999	999999	38645	38637	999999	999999	38662	38662	38654	999999	38661	38661	38653	999999	38655	38647	999999	999999	38653	38645	999999	999999	38676	38676	38668	999999	38640	38632	999999	999999	38679	38679	38679	38671	38654
38669	38669	38669	38661	38658	38658	38658	38650	38679	38679	999999	999999	38638	38638	38630	999999	38648	38648	38640	999999	38639	38639	38631	999999	999999	0	999999	999999	38660	38660	38660	38652	38643	38643	38635	999999	38648	38648	38640	999999	38658	38658	38658	38650	38665	38665	38665	38657	38655	38655	38647	999999	38650	38650	38642	999999	38676	38676	38676	38668	38645	38645	38637	999999	38680	38680	999999	999999	38656
38669	38669	38669	999999	38658	38658	38658	999999	38679	38679	38679	999999	38638	38638	38638	38630	38648	38648	38648	38640	38639	38639	38639	38631	999999	999999	0	999999	38660	38660	38660	999999	38643	38643	38643	38635	38648	38648	38648	38640	38658	38658	38658	999999	38665	38665	38665	999999	38655	38655	38655	38647	38650	38650	38650	38642	38676	38676	38676	999999	38645	38645	38645	38637	38680	38680	38680	999999	38656
38669	38669	38669	38669	38658	38658	38658	38658	38679	38679	38679	38679	38638	38638	38638	38638	38648	38648	38648	38648	38639	38639	38639	38639	999999	999999	999999	0	38660	38660	38660	38660	38643	38643	38643	38643	38648	38648	38648	38648	38658	38658	38658	38658	38665	38665	38665	38665	38655	38655	38655	38655	38650	38650	38650	38650	38676	38676	38676	38676	38645	38645	38645	38645	38680	38680	38680	38680	38656
38669	38669	38661	999999	38658	38658	38650	999999	38679	38679	38679	38671	38638	38630	999999	999999	38648	38640	999999	999999	38639	38631	999999	999999	0	999999	999999	999999	38660	38660	38652	999999	38643	38635	999999	999999	38648	38640	999999	999999	38658	38658	38650	999999	38665	38665	38657	999999	38655	38647	999999	999999	38650	38642	999999	999999	38676	38676	38668	999999	38645	38637	999999	999999	38680	38680	38680	38672	38656
38656	38656	38656	38648	38656	38656	38656	38648	38654	38654	38646	999999	38660	38660	38660	38652	38660	38660	38660	38652	38658	38658	38658	38650	38660	38660	38660	38652	999999	0	999999	999999	38660	38660	38660	38652	38647	38647	38639	999999	38674	38674	38674	38666	38644	38644	38636	999999	38679	38679	999999	999999	38677	38677	999999	999999	38658	38658	38658	38650	38654	38654	38646	999999	38656	38656	38656	38648	38639
38656	38656	38656	999999	38656	38656	38656	999999	38654	38654	38654	38646	38660	38660	38660	999999	38660	38660	38660	999999	38658	38658	38658	999999	38660	38660	38660	999999	999999	999999	0	999999	38660	38660	38660	999999	38647	38647	38647	38639	38674	38674	38674	999999	38644	38644	38644	38636	38679	38679	38679	999999	38677	38677	38677	999999	38658	38658	38658	999999	38654	38654	38654	38646	38656	38656	38656	999999	38639
38656	38656	38656	38656	38656	38656	38656	38656	38654	38654	38654	38654	38660	38660	38660	38660	38660	38660	38660	38660	38658	38658	38658	38658	38660	38660	38660	38660	999999	999999	999999	0	38660	38660	38660	38660	38647	38647	38647	38647	38674	38674	38674	38674	38644	38644	38644	38644	38679	38679	38679	38679	38677	38677	38677	38677	38658	38658	38658	38658	38654	38654	38654	38654	38656	38656	38656	38656	38639
38656	38656	38648	999999	38656	38656	38648	999999	38654	38646	999999	999999	38660	38660	38652	999999	38660	38660	38652	999999	38658	38658	38650	999999	38660	38660	38652	999999	0	999999	999999	999999	38660	38660	38652	999999	38647	38639	999999	999999	38674	38674	38666	999999	38644	38636	999999	999999	38679	38679	38679	38671	38677	38677	38677	38669	38658	38658	38650	999999	38654	38646	999999	999999	38656	38656	38648	999999	38639
38662	38662	38662	38654	38650	38650	38642	999999	38679	38679	999999	999999	38646	38646	38638	999999	38639	38639	38631	999999	38638	38638	38630	999999	38643	38643	38635	999999	38660	38660	38660	38652	999999	0	999999	999999	38647	38647	38639	999999	38666	38666	38666	38658	38661	38661	38661	38653	38653	38653	38645	999999	38654	38654	38646	999999	38679	38679	999999	999999	38640	38640	38632	999999	38681	38681	999999	999999	38655
38662	38662	38662	999999	38650	38650	38650	38642	38679	38679	38679	999999	38646	38646	38646	38638	38639	38639	38639	38631	38638	38638	38638	38630	38643	38643	38643	38635	38660	38660	38660	999999	999999	999999	0	999999	38647	38647	38647	38639	38666	38666	38666	999999	38661	38661	38661	999999	38653	38653	38653	38645	38654	38654	38654	38646	38679	38679	38679	999999	38640	38640	38640	38632	38681	38681	38681	999999	38655
38662	38662	38662	38662	38650	38650	38650	38650	38679	38679	38679	38679	38646	38646	38646	38646	38639	38639	38639	38639	38638	38638	38638	38638	38643	38643	38643	38643	38660	38660	38660	38660	999999	999999	999999	0	38647	38647	38647	38647	38666	38666	38666	38666	38661	38661	38661	38661	38653	38653	38653	38653	38654	38654	38654	38654	38679	38679	38679	38679	38640	38640	38640	38640	38681	38681	38681	38681	38655
38662	38662	38654	999999	38650	38642	999999	999999	38679	38679	38679	38671	38646	38638	999999	999999	38639	38631	999999	999999	38638	38630	999999	999999	38643	38635	999999	999999	38660	38660	38652	999999	0	999999	999999	999999	38647	38639	999999	999999	38666	38666	38658	999999	38661	38661	38653	999999	38653	38645	999999	999999	38654	38646	999999	999999	38679	38679	38679	38671	38640	38632	999999	999999	38681	38681	38681	38673	38655
38658	38658	38658	38650	38650	38650	38642	999999	38666	38666	38666	38658	38649	38649	38641	999999	38648	38648	38640	999999	38645	38645	38637	999999	38648	38648	38640	999999	38647	38647	38639	999999	38647	38647	38639	999999	999999	0	999999	999999	38667	38667	38667	38659	38651	38651	38643	999999	38666	38666	38666	38658	38664	38664	38664	38656	38667	38667	38667	38659	38641	38641	38633	999999	38669	38669	38669	38661	38642
38658	38658	38658	999999	38650	38650	38650	38642	38666	38666	38666	999999	38649	38649	38649	38641	38648	38648	38648	38640	38645	38645	38645	38637	38648	38648	38648	38640	38647	38647	38647	38639	38647	38647	38647	38639	999999	999999	0	999999	38667	38667	38667	999999	38651	38651	38651	38643	38666	38666	38666	999999	38664	38664	38664	999999	38667	38667	38667	999999	38641	38641	38641	38633	38669	38669	38669	999999	38642
38658	38658	38658	38658	38650	38650	38650	38650	38666	38666	38666	38666	38649	38649	38649	38649	38648	38648	38648	38648	38645	38645	38645	38645	38648	38648	38648	38648	38647	38647	38647	38647	38647	38647	38647	38647	999999	999999	999999	0	38667	38667	38667	38667	38651	38651	38651	38651	38666	38666	38666	38666	38664	38664	38664	38664	38667	38667	38667	38667	38641	38641	38641	38641	38669	38669	38669	38669	38642
38658	38658	38650	999999	38650	38642	999999	999999	38666	38666	38658	999999	38649	38641	999999	999999	38648	38640	999999	999999	38645	38637	999999	999999	38648	38640	999999	999999	38647	38639	999999	999999	38647	38639	999999	999999	0	999999	999999	999999	38667	38667	38659	999999	38651	38643	999999	999999	38666	38666	38658	999999	38664	38664	38656	999999	38667	38667	38659	999999	38641	38633	999999	999999	38669	38669	38661	999999	38642
38690	38690	999999	999999	38681	38681	999999	999999	38686	38686	999999	999999	38654	38654	38646	999999	38671	38671	38671	38663	38662	38662	38662	38654	38658	38658	38658	38650	38674	38674	38674	38666	38666	38666	38666	38658	38667	38667	38667	38659	999999	0	999999	999999	38682	38682	999999	999999	38671	38671	38671	38663	38659	38659	38659	38651	38676	38676	38676	38668	38667	38667	38667	38659	38686	38686	999999	999999	38673
38690	38690	38690	999999	38681	38681	38681	999999	38686	38686	38686	999999	38654	38654	38654	38646	38671	38671	38671	999999	38662	38662	38662	999999	38658	38658	38658	999999	38674	38674	38674	999999	38666	38666	38666	999999	38667	38667	38667	999999	999999	999999	0	999999	38682	38682	38682	999999	38671	38671	38671	999999	38659	38659	38659	999999	38676	38676	38676	999999	38667	38667	38667	999999	38686	38686	38686	999999	38673
38690	38690	38690	38690	38681	38681	38681	38681	38686	38686	38686	38686	38654	38654	38654	38654	38671	38671	38671	38671	38662	38662	38662	38662	38658	38658	38658	38658	38674	38674	38674	38674	38666	38666	38666	38666	38667	38667	38667	38667	999999	999999	999999	0	38682	38682	38682	38682	38671	38671	38671	38671	38659	38659	38659	38659	38676	38676	38676	38676	38667	38667	38667	38667	38686	38686	38686	38686	38673
38690	38690	38690	38682	38681	38681	38681	38673	38686	38686	38686	38678	38654	38646	999999	999999	38671	38671	38663	999999	38662	38662	38654	999999	38658	38658	38650	999999	38674	38674	38666	999999	38666	38666	38658	999999	38667	38667	38659	999999	0	999999	999999	999999	38682	38682	38682	38674	38671	38671	38663	999999	38659	38659	38651	999999	38676	38676	38668	999999	38667	38667	38659	999999	38686	38686	38686	38678	38673
38647	38647	38639	999999	38652	38652	38644	999999	38658	38658	38658	38650	38666	38666	38666	38658	38660	38660	38660	38652	38661	38661	38661	38653	38665	38665	38665	38657	38644	38644	38636	999999	38661	38661	38661	38653	38651	38651	38643	999999	38682	38682	999999	999999	999999	0	999999	999999	38680	38680	999999	999999	38680	38680	999999	999999	38666	38666	38666	38658	38656	38656	38656	38648	38662	38662	38662	38654	38644
38647	38647	38647	38639	38652	38652	38652	38644	38658	38658	38658	999999	38666	38666	38666	999999	38660	38660	38660	999999	38661	38661	38661	999999	38665	38665	38665	999999	38644	38644	38644	38636	38661	38661	38661	999999	38651	38651	38651	38643	38682	38682	38682	999999	999999	999999	0	999999	38680	38680	38680	999999	38680	38680	38680	999999	38666	38666	38666	999999	38656	38656	38656	999999	38662	38662	38662	999999	38644
38647	38647	38647	38647	38652	38652	38652	38652	38658	38658	38658	38658	38666	38666	38666	38666	38660	38660	38660	38660	38661	38661	38661	38661	38665	38665	38665	38665	38644	38644	38644	38644	38661	38661	38661	38661	38651	38651	38651	38651	38682	38682	38682	38682	999999	999999	999999	0	38680	38680	38680	38680	38680	38680	38680	38680	38666	38666	38666	38666	38656	38656	38656	38656	38662	38662	38662	38662	38644
38647	38639	999999	999999	38652	38644	999999	999999	38658	38658	38650	999999	38666	38666	38658	999999	38660	38660	38652	999999	38661	38661	38653	999999	38665	38665	38657	999999	38644	38636	999999	999999	38661	38661	38653	999999	38651	38643	999999	999999	38682	38682	38682	38674	0	999999	999999	999999	38680	38680	38680	38672	38680	38680	38680	38672	38666	38666	38658	999999	38656	38656	38648	999999	38662	38662	38654	999999	38644
38678	38678	999999	999999	38665	38665	38665	38657	38698	38698	999999	999999	38658	38658	38658	38650	38654	38654	38646	999999	38655	38655	38647	999999	38655	38655	38647	999999	38679	38679	999999	999999	38653	38653	38645	999999	38666	38666	38666	38658	38671	38671	38671	38663	38680	38680	999999	999999	999999	0	999999	999999	38647	38647	38639	999999	38697	38697	999999	999999	38659	38659	38659	38651	38700	38700	999999	999999	38674
38678	38678	38678	999999	38665	38665	38665	999999	38698	38698	38698	999999	38658	38658	38658	999999	38654	38654	38654	38646	38655	38655	38655	38647	38655	38655	38655	38647	38679	38679	38679	999999	38653	38653	38653	38645	38666	38666	38666	999999	38671	38671	38671	999999	38680	38680	38680	999999	999999	999999	0	999999	38647	38647	38647	38639	38697	38697	38697	999999	38659	38659	38659	999999	38700	38700	38700	999999	38674
38678	38678	38678	38678	38665	38665	38665	38665	38698	38698	38698	38698	38658	38658	38658	38658	38654	38654	38654	38654	38655	38655	38655	38655	38655	38655	38655	38655	38679	38679	38679	38679	38653	38653	38653	38653	38666	38666	38666	38666	38671	38671	38671	38671	38680	38680	38680	38680	999999	999999	999999	0	38647	38647	38647	38647	38697	38697	38697	38697	38659	38659	38659	38659	38700	38700	38700	38700	38674
38678	38678	38678	38670	38665	38665	38657	999999	38698	999999	999999	999999	38658	38658	38650	999999	38654	38646	999999	999999	38655	38647	999999	999999	38655	38647	999999	999999	38679	38679	38679	38671	38653	38645	999999	999999	38666	38666	38658	999999	38671	38671	38663	999999	38680	38680	38680	38672	0	999999	999999	999999	38647	38639	999999	999999	38697	38697	38697	38689	38659	38659	38651	999999	38700	999999	999999	999999	38674
38682	38682	999999	999999	38670	38670	38670	38662	38695	38695	999999	999999	38651	38651	38643	999999	38657	38657	38657	38649	38653	38653	38645	999999	38650	38650	38642	999999	38677	38677	999999	999999	38654	38654	38646	999999	38664	38664	38664	38656	38659	38659	38659	38651	38680	38680	999999	999999	38647	38647	38639	999999	999999	0	999999	999999	38691	38691	999999	999999	38659	38659	38659	38651	38696	38696	999999	999999	38673
38682	38682	38682	999999	38670	38670	38670	999999	38695	38695	38695	999999	38651	38651	38651	38643	38657	38657	38657	999999	38653	38653	38653	38645	38650	38650	38650	38642	38677	38677	38677	999999	38654	38654	38654	38646	38664	38664	38664	999999	38659	38659	38659	999999	38680	38680	38680	999999	38647	38647	38647	38639	999999	999999	0	999999	38691	38691	38691	999999	38659	38659	38659	999999	38696	38696	38696	999999	38673
38682	38682	38682	38682	38670	38670	38670	38670	38695	38695	38695	38695	38651	38651	38651	38651	38657	38657	38657	38657	38653	38653	38653	38653	38650	38650	38650	38650	38677	38677	38677	38677	38654	38654	38654	38654	38664	38664	38664	38664	38659	38659	38659	38659	38680	38680	38680	38680	38647	38647	38647	38647	999999	999999	999999	0	38691	38691	38691	38691	38659	38659	38659	38659	38696	38696	38696	38696	38673
38682	38682	38682	38674	38670	38670	38662	999999	38695	38695	38695	38687	38651	38643	999999	999999	38657	38657	38649	999999	38653	38645	999999	999999	38650	38642	999999	999999	38677	38677	38677	38669	38654	38646	999999	999999	38664	38664	38656	999999	38659	38659	38651	999999	38680	38680	38680	38672	38647	38639	999999	999999	0	999999	999999	999999	38691	38691	38691	38683	38659	38659	38651	999999	38696	38696	38696	38688	38673
38679	38679	999999	999999	38680	38680	999999	999999	38649	38649	38641	999999	38674	38674	38674	38666	38681	38681	999999	999999	38676	38676	38676	38668	38676	38676	38676	38668	38658	38658	38658	38650	38679	38679	999999	999999	38667	38667	38667	38659	38676	38676	38676	38668	38666	38666	38666	38658	38697	38697	999999	999999	38691	38691	999999	999999	999999	0	999999	999999	38674	38674	38674	38666	38646	38646	38638	999999	38662
38679	38679	38679	999999	38680	38680	38680	999999	38649	38649	38649	38641	38674	38674	38674	999999	38681	38681	38681	999999	38676	38676	38676	999999	38676	38676	38676	999999	38658	38658	38658	999999	38679	38679	38679	999999	38667	38667	38667	999999	38676	38676	38676	999999	38666	38666	38666	999999	38697	38697	38697	999999	38691	38691	38691	999999	999999	999999	0	999999	38674	38674	38674	999999	38646	38646	38646	38638	38662
38679	38679	38679	38679	38680	38680	38680	38680	38649	38649	38649	38649	38674	38674	38674	38674	38681	38681	38681	38681	38676	38676	38676	38676	38676	38676	38676	38676	38658	38658	38658	38658	38679	38679	38679	38679	38667	38667	38667	38667	38676	38676	38676	38676	38666	38666	38666	38666	38697	38697	38697	38697	38691	38691	38691	38691	999999	999999	999999	0	38674	38674	38674	38674	38646	38646	38646	38646	38662
38679	38679	38679	38671	38680	38680	38680	38672	38649	38641	999999	999999	38674	38674	38666	999999	38681	38681	38681	38673	38676	38676	38668	999999	38676	38676	38668	999999	38658	38658	38650	999999	38679	38679	38679	38671	38667	38667	38659	999999	38676	38676	38668	999999	38666	38666	38658	999999	38697	38697	38697	38689	38691	38691	38691	38683	0	999999	999999	999999	38674	38674	38666	999999	38646	38638	999999	999999	38662
38658	38658	38658	38650	38647	38647	38639	999999	38674	38674	38674	38666	38648	38648	38640	999999	38641	38641	38633	999999	38640	38640	38632	999999	38645	38645	38637	999999	38654	38654	38646	999999	38640	38640	38632	999999	38641	38641	38633	999999	38667	38667	38667	38659	38656	38656	38656	38648	38659	38659	38659	38651	38659	38659	38659	38651	38674	38674	38674	38666	999999	0	999999	999999	38676	38676	38676	38668	38649
38658	38658	38658	999999	38647	38647	38647	38639	38674	38674	38674	999999	38648	38648	38648	38640	38641	38641	38641	38633	38640	38640	38640	38632	38645	38645	38645	38637	38654	38654	38654	38646	38640	38640	38640	38632	38641	38641	38641	38633	38667	38667	38667	999999	38656	38656	38656	999999	38659	38659	38659	999999	38659	38659	38659	999999	38674	38674	38674	999999	999999	999999	0	999999	38676	38676	38676	999999	38649
38658	38658	38658	38658	38647	38647	38647	38647	38674	38674	38674	38674	38648	38648	38648	38648	38641	38641	38641	38641	38640	38640	38640	38640	38645	38645	38645	38645	38654	38654	38654	38654	38640	38640	38640	38640	38641	38641	38641	38641	38667	38667	38667	38667	38656	38656	38656	38656	38659	38659	38659	38659	38659	38659	38659	38659	38674	38674	38674	38674	999999	999999	999999	0	38676	38676	38676	38676	38649
38658	38658	38650	999999	38647	38639	999999	999999	38674	38674	38666	999999	38648	38640	999999	999999	38641	38633	999999	999999	38640	38632	999999	999999	38645	38637	999999	999999	38654	38646	999999	999999	38640	38632	999999	999999	38641	38633	999999	999999	38667	38667	38659	999999	38656	38656	38648	999999	38659	38659	38651	999999	38659	38659	38651	999999	38674	38674	38666	999999	0	999999	999999	999999	38676	38676	38668	999999	38649
38674	38674	38674	38666	38678	38678	999999	999999	38638	38638	38630	999999	38679	38679	999999	999999	38683	38683	999999	999999	38679	38679	999999	999999	38680	38680	999999	999999	38656	38656	38656	38648	38681	38681	999999	999999	38669	38669	38669	38661	38686	38686	999999	999999	38662	38662	38662	38654	38700	38700	999999	999999	38696	38696	999999	999999	38646	38646	38638	999999	38676	38676	38676	38668	999999	0	999999	999999	38661
38674	38674	38674	999999	38678	38678	38678	999999	38638	38638	38638	38630	38679	38679	38679	999999	38683	38683	38683	999999	38679	38679	38679	999999	38680	38680	38680	999999	38656	38656	38656	999999	38681	38681	38681	999999	38669	38669	38669	999999	38686	38686	38686	999999	38662	38662	38662	999999	38700	38700	38700	999999	38696	38696	38696	999999	38646	38646	38646	38638	38676	38676	38676	999999	999999	999999	0	999999	38661
38674	38674	38674	38674	38678	38678	38678	38678	38638	38638	38638	38638	38679	38679	38679	38679	38683	38683	38683	38683	38679	38679	38679	38679	38680	38680	38680	38680	38656	38656	38656	38656	38681	38681	38681	38681	38669	38669	38669	38669	38686	38686	38686	38686	38662	38662	38662	38662	38700	38700	38700	38700	38696	38696	38696	38696	38646	38646	38646	38646	38676	38676	38676	38676	999999	999999	999999	0	38661
38674	38674	38666	999999	38678	38678	38678	38670	38638	38630	999999	999999	38679	38679	38679	38671	38683	38683	38683	38675	38679	38679	38679	38671	38680	38680	38680	38672	38656	38656	38648	999999	38681	38681	38681	38673	38669	38669	38661	999999	38686	38686	38686	38678	38662	38662	38654	999999	38700	999999	999999	999999	38696	38696	38696	38688	38646	38638	999999	999999	38676	38676	38668	999999	0	999999	999999	999999	38661
38654	38654	38646	999999	38652	38652	38644	999999	38659	38659	38659	38651	38657	38657	38657	38649	38655	38655	38655	38647	38654	38654	38646	999999	38656	38656	38656	38648	38639	38639	38631	999999	38655	38655	38647	999999	38642	38642	38634	999999	38673	38673	38673	38665	38644	38644	38636	999999	38674	38674	38674	38666	38673	38673	38673	38665	38662	38662	38662	38654	38649	38649	38641	999999	38661	38661	38661	38653	999999
GTSP_SET_SECTION:
1 1 2 3 4 -1
2 5 6 7 8 -1
3 9 10 11 12 -1
4 13 14 15 16 -1
5 17 18 19 20 -1
6 21 22 23 24 -1
7 25 26 27 28 -1
8 29 30 31 32 -1
9 33 34 35 36 -1
10 37 38 39 40 -1
11 41 42 43 44 -1
12 45 46 47 48 -1
13 49 50 51 52 -1
14 53 54 55 56 -1
15 57 58 59 60 -1
16 61 62 63 64 -1
17 65 66 67 68 -1
18 69 70 71 72-1
19 73 -1
EOF