NAME:  test1
TYPE: AGTSP
COMMENT: gtsp tours
DIMENSION:  73
GTSP_SETS: 19
EDGE_WEIGHT_TYPE: EXPLICIT
EDGE_WEIGHT_FORMAT: FULL_MATRIX 
EDGE_WEIGHT_SECTION
999999	0	999999	999999	46748	46748	999999	999999	46738	46738	46738	46730	46738	46738	46738	46730	46713	46713	46705	999999	46716	46716	46708	999999	46756	46756	999999	999999	46757	46757	999999	999999	46749	46749	999999	999999	46745	46745	46745	46737	46753	46753	999999	999999	46770	46770	999999	999999	46737	46737	46737	46729	46751	46751	999999	999999	46760	46760	999999	999999	46748	46748	999999	999999	46746	46746	999999	999999	46747
999999	999999	0	999999	46748	46748	46748	999999	46738	46738	46738	999999	46738	46738	46738	999999	46713	46713	46713	46705	46716	46716	46716	46708	46756	46756	46756	999999	46757	46757	46757	999999	46749	46749	46749	999999	46745	46745	46745	999999	46753	46753	46753	999999	46770	46770	46770	999999	46737	46737	46737	999999	46751	46751	46751	999999	46760	46760	46760	999999	46748	46748	46748	999999	46746	46746	46746	999999	46747
999999	999999	999999	0	46748	46748	46748	46748	46738	46738	46738	46738	46738	46738	46738	46738	46713	46713	46713	46713	46716	46716	46716	46716	46756	46756	46756	46756	46757	46757	46757	46757	46749	46749	46749	46749	46745	46745	46745	46745	46753	46753	46753	46753	46770	46770	46770	46770	46737	46737	46737	46737	46751	46751	46751	46751	46760	46760	46760	46760	46748	46748	46748	46748	46746	46746	46746	46746	46747
0	999999	999999	999999	46748	46748	46748	46740	46738	46738	46730	999999	46738	46738	46730	999999	46713	46705	999999	999999	46716	46708	999999	999999	46756	46756	46756	46748	46757	46757	46757	46749	46749	46749	46749	46741	46745	46745	46737	999999	46753	46753	46753	46745	46770	999999	999999	999999	46737	46737	46729	999999	46751	46751	46751	46743	46760	46760	46760	46752	46748	46748	46748	46740	46746	46746	46746	46738	46747
46748	46748	999999	999999	999999	0	999999	999999	46758	46758	999999	999999	46730	46730	46730	46722	46748	46748	999999	999999	46739	46739	46739	46731	46757	46757	999999	999999	46739	46739	46739	46731	46730	46730	46730	46722	46759	46759	999999	999999	46761	46761	999999	999999	46760	46760	999999	999999	46725	46725	46717	999999	46773	46773	999999	999999	46757	46757	999999	999999	46775	46775	999999	999999	46753	46753	999999	999999	46707
46748	46748	46748	999999	999999	999999	0	999999	46758	46758	46758	999999	46730	46730	46730	999999	46748	46748	46748	999999	46739	46739	46739	999999	46757	46757	46757	999999	46739	46739	46739	999999	46730	46730	46730	999999	46759	46759	46759	999999	46761	46761	46761	999999	46760	46760	46760	999999	46725	46725	46725	46717	46773	46773	46773	999999	46757	46757	46757	999999	46775	46775	46775	999999	46753	46753	46753	999999	46707
46748	46748	46748	46748	999999	999999	999999	0	46758	46758	46758	46758	46730	46730	46730	46730	46748	46748	46748	46748	46739	46739	46739	46739	46757	46757	46757	46757	46739	46739	46739	46739	46730	46730	46730	46730	46759	46759	46759	46759	46761	46761	46761	46761	46760	46760	46760	46760	46725	46725	46725	46725	46773	46773	46773	46773	46757	46757	46757	46757	46775	46775	46775	46775	46753	46753	46753	46753	46707
46748	46748	46748	46740	0	999999	999999	999999	46758	46758	46758	46750	46730	46730	46722	999999	46748	46748	46748	46740	46739	46739	46731	999999	46757	46757	46757	46749	46739	46739	46731	999999	46730	46730	46722	999999	46759	46759	46759	46751	46761	46761	46761	46753	46760	46760	46760	46752	46725	46717	999999	999999	46773	999999	999999	999999	46757	46757	46757	46749	46775	999999	999999	999999	46753	46753	46753	46745	46707
46738	46738	46738	46730	46758	46758	999999	999999	999999	0	999999	999999	46732	46732	46732	46724	46728	46728	46728	46720	46732	46732	46732	46724	46726	46726	46726	46718	46741	46741	46741	46733	46739	46739	46739	46731	46711	46711	46703	999999	46720	46720	46712	999999	46742	46742	46742	46734	46737	46737	46737	46729	46719	46719	46711	999999	46731	46731	46731	46723	46720	46720	46712	999999	46717	46717	46709	999999	46755
46738	46738	46738	999999	46758	46758	46758	999999	999999	999999	0	999999	46732	46732	46732	999999	46728	46728	46728	999999	46732	46732	46732	999999	46726	46726	46726	999999	46741	46741	46741	999999	46739	46739	46739	999999	46711	46711	46711	46703	46720	46720	46720	46712	46742	46742	46742	999999	46737	46737	46737	999999	46719	46719	46719	46711	46731	46731	46731	999999	46720	46720	46720	46712	46717	46717	46717	46709	46755
46738	46738	46738	46738	46758	46758	46758	46758	999999	999999	999999	0	46732	46732	46732	46732	46728	46728	46728	46728	46732	46732	46732	46732	46726	46726	46726	46726	46741	46741	46741	46741	46739	46739	46739	46739	46711	46711	46711	46711	46720	46720	46720	46720	46742	46742	46742	46742	46737	46737	46737	46737	46719	46719	46719	46719	46731	46731	46731	46731	46720	46720	46720	46720	46717	46717	46717	46717	46755
46738	46738	46730	999999	46758	46758	46758	46750	0	999999	999999	999999	46732	46732	46724	999999	46728	46728	46720	999999	46732	46732	46724	999999	46726	46726	46718	999999	46741	46741	46733	999999	46739	46739	46731	999999	46711	46703	999999	999999	46720	46712	999999	999999	46742	46742	46734	999999	46737	46737	46729	999999	46719	46711	999999	999999	46731	46731	46723	999999	46720	46712	999999	999999	46717	46709	999999	999999	46755
46738	46738	46738	46730	46730	46730	46730	46722	46732	46732	46732	46724	999999	0	999999	999999	46732	46732	46732	46724	46725	46725	46725	46717	46732	46732	46732	46724	46723	46723	46715	999999	46715	46715	46707	999999	46732	46732	46732	46724	46734	46734	46734	46726	46740	46740	46740	46732	46709	46709	46701	999999	46747	46747	999999	999999	46733	46733	46733	46725	46749	46749	999999	999999	46726	46726	46726	46718	46727
46738	46738	46738	999999	46730	46730	46730	999999	46732	46732	46732	999999	999999	999999	0	999999	46732	46732	46732	999999	46725	46725	46725	999999	46732	46732	46732	999999	46723	46723	46723	46715	46715	46715	46715	46707	46732	46732	46732	999999	46734	46734	46734	999999	46740	46740	46740	999999	46709	46709	46709	46701	46747	46747	46747	999999	46733	46733	46733	999999	46749	46749	46749	999999	46726	46726	46726	999999	46727
46738	46738	46738	46738	46730	46730	46730	46730	46732	46732	46732	46732	999999	999999	999999	0	46732	46732	46732	46732	46725	46725	46725	46725	46732	46732	46732	46732	46723	46723	46723	46723	46715	46715	46715	46715	46732	46732	46732	46732	46734	46734	46734	46734	46740	46740	46740	46740	46709	46709	46709	46709	46747	46747	46747	46747	46733	46733	46733	46733	46749	46749	46749	46749	46726	46726	46726	46726	46727
46738	46738	46730	999999	46730	46730	46722	999999	46732	46732	46724	999999	0	999999	999999	999999	46732	46732	46724	999999	46725	46725	46717	999999	46732	46732	46724	999999	46723	46715	999999	999999	46715	46707	999999	999999	46732	46732	46724	999999	46734	46734	46726	999999	46740	46740	46732	999999	46709	46701	999999	999999	46747	46747	46747	46739	46733	46733	46725	999999	46749	46749	46749	46741	46726	46726	46718	999999	46727
46713	46713	46705	999999	46748	46748	999999	999999	46728	46728	46728	46720	46732	46732	46732	46724	999999	0	999999	999999	46713	46713	46705	999999	46747	46747	999999	999999	46750	46750	999999	999999	46743	46743	46743	46735	46735	46735	46735	46727	46743	46743	46743	46735	46761	46761	999999	999999	46733	46733	46733	46725	46741	46741	46741	46733	46751	46751	999999	999999	46739	46739	46739	46731	46736	46736	46736	46728	46746
46713	46713	46713	46705	46748	46748	46748	999999	46728	46728	46728	999999	46732	46732	46732	999999	999999	999999	0	999999	46713	46713	46713	46705	46747	46747	46747	999999	46750	46750	46750	999999	46743	46743	46743	999999	46735	46735	46735	999999	46743	46743	46743	999999	46761	46761	46761	999999	46733	46733	46733	999999	46741	46741	46741	999999	46751	46751	46751	999999	46739	46739	46739	999999	46736	46736	46736	999999	46746
46713	46713	46713	46713	46748	46748	46748	46748	46728	46728	46728	46728	46732	46732	46732	46732	999999	999999	999999	0	46713	46713	46713	46713	46747	46747	46747	46747	46750	46750	46750	46750	46743	46743	46743	46743	46735	46735	46735	46735	46743	46743	46743	46743	46761	46761	46761	46761	46733	46733	46733	46733	46741	46741	46741	46741	46751	46751	46751	46751	46739	46739	46739	46739	46736	46736	46736	46736	46746
46713	46705	999999	999999	46748	46748	46748	46740	46728	46728	46720	999999	46732	46732	46724	999999	0	999999	999999	999999	46713	46705	999999	999999	46747	46747	46747	46739	46750	46750	46750	46742	46743	46743	46735	999999	46735	46735	46727	999999	46743	46743	46735	999999	46761	46761	46761	46753	46733	46733	46725	999999	46741	46741	46733	999999	46751	46751	46751	46743	46739	46739	46731	999999	46736	46736	46728	999999	46746
46716	46716	46708	999999	46739	46739	46739	46731	46732	46732	46732	46724	46725	46725	46725	46717	46713	46713	46705	999999	999999	0	999999	999999	46746	46746	999999	999999	46745	46745	46745	46737	46736	46736	46736	46728	46738	46738	46738	46730	46744	46744	46744	46736	46759	46759	999999	999999	46725	46725	46725	46717	46747	46747	999999	999999	46750	46750	999999	999999	46746	46746	999999	999999	46737	46737	46737	46729	46736
46716	46716	46716	46708	46739	46739	46739	999999	46732	46732	46732	999999	46725	46725	46725	999999	46713	46713	46713	46705	999999	999999	0	999999	46746	46746	46746	999999	46745	46745	46745	999999	46736	46736	46736	999999	46738	46738	46738	999999	46744	46744	46744	999999	46759	46759	46759	999999	46725	46725	46725	999999	46747	46747	46747	999999	46750	46750	46750	999999	46746	46746	46746	999999	46737	46737	46737	999999	46736
46716	46716	46716	46716	46739	46739	46739	46739	46732	46732	46732	46732	46725	46725	46725	46725	46713	46713	46713	46713	999999	999999	999999	0	46746	46746	46746	46746	46745	46745	46745	46745	46736	46736	46736	46736	46738	46738	46738	46738	46744	46744	46744	46744	46759	46759	46759	46759	46725	46725	46725	46725	46747	46747	46747	46747	46750	46750	46750	46750	46746	46746	46746	46746	46737	46737	46737	46737	46736
46716	46708	999999	999999	46739	46739	46731	999999	46732	46732	46724	999999	46725	46725	46717	999999	46713	46705	999999	999999	0	999999	999999	999999	46746	46746	46746	46738	46745	46745	46737	999999	46736	46736	46728	999999	46738	46738	46730	999999	46744	46744	46736	999999	46759	46759	46759	46751	46725	46725	46717	999999	46747	46747	46747	46739	46750	46750	46750	46742	46746	46746	46746	46738	46737	46737	46729	999999	46736
46756	46756	999999	999999	46757	46757	999999	999999	46726	46726	46726	46718	46732	46732	46732	46724	46747	46747	999999	999999	46746	46746	999999	999999	999999	0	999999	999999	46727	46727	46727	46719	46732	46732	46732	46724	46719	46719	46711	999999	46711	46711	46703	999999	46719	46719	46711	999999	46738	46738	46738	46730	46731	46731	46731	46723	46709	46709	46701	999999	46737	46737	46737	46729	46714	46714	46706	999999	46754
46756	46756	46756	999999	46757	46757	46757	999999	46726	46726	46726	999999	46732	46732	46732	999999	46747	46747	46747	999999	46746	46746	46746	999999	999999	999999	0	999999	46727	46727	46727	999999	46732	46732	46732	999999	46719	46719	46719	46711	46711	46711	46711	46703	46719	46719	46719	46711	46738	46738	46738	999999	46731	46731	46731	999999	46709	46709	46709	46701	46737	46737	46737	999999	46714	46714	46714	46706	46754
46756	46756	46756	46756	46757	46757	46757	46757	46726	46726	46726	46726	46732	46732	46732	46732	46747	46747	46747	46747	46746	46746	46746	46746	999999	999999	999999	0	46727	46727	46727	46727	46732	46732	46732	46732	46719	46719	46719	46719	46711	46711	46711	46711	46719	46719	46719	46719	46738	46738	46738	46738	46731	46731	46731	46731	46709	46709	46709	46709	46737	46737	46737	46737	46714	46714	46714	46714	46754
46756	46756	46756	46748	46757	46757	46757	46749	46726	46726	46718	999999	46732	46732	46724	999999	46747	46747	46747	46739	46746	46746	46746	46738	0	999999	999999	999999	46727	46727	46719	999999	46732	46732	46724	999999	46719	46711	999999	999999	46711	46703	999999	999999	46719	46711	999999	999999	46738	46738	46730	999999	46731	46731	46723	999999	46709	46701	999999	999999	46737	46737	46729	999999	46714	46706	999999	999999	46754
46757	46757	999999	999999	46739	46739	46739	46731	46741	46741	46741	46733	46723	46723	46715	999999	46750	46750	999999	999999	46745	46745	46745	46737	46727	46727	46727	46719	999999	0	999999	999999	46714	46714	46706	999999	46738	46738	46738	46730	46734	46734	46734	46726	46725	46725	46725	46717	46726	46726	46726	46718	46753	46753	999999	999999	46725	46725	46717	999999	46757	46757	999999	999999	46729	46729	46729	46721	46735
46757	46757	46757	999999	46739	46739	46739	999999	46741	46741	46741	999999	46723	46723	46723	46715	46750	46750	46750	999999	46745	46745	46745	999999	46727	46727	46727	999999	999999	999999	0	999999	46714	46714	46714	46706	46738	46738	46738	999999	46734	46734	46734	999999	46725	46725	46725	999999	46726	46726	46726	999999	46753	46753	46753	999999	46725	46725	46725	46717	46757	46757	46757	999999	46729	46729	46729	999999	46735
46757	46757	46757	46757	46739	46739	46739	46739	46741	46741	46741	46741	46723	46723	46723	46723	46750	46750	46750	46750	46745	46745	46745	46745	46727	46727	46727	46727	999999	999999	999999	0	46714	46714	46714	46714	46738	46738	46738	46738	46734	46734	46734	46734	46725	46725	46725	46725	46726	46726	46726	46726	46753	46753	46753	46753	46725	46725	46725	46725	46757	46757	46757	46757	46729	46729	46729	46729	46735
46757	46757	46757	46749	46739	46739	46731	999999	46741	46741	46733	999999	46723	46715	999999	999999	46750	46750	46750	46742	46745	46745	46737	999999	46727	46727	46719	999999	0	999999	999999	999999	46714	46706	999999	999999	46738	46738	46730	999999	46734	46734	46726	999999	46725	46725	46717	999999	46726	46726	46718	999999	46753	46753	46753	46745	46725	46717	999999	999999	46757	46757	46757	46749	46729	46729	46721	999999	46735
46749	46749	999999	999999	46730	46730	46730	46722	46739	46739	46739	46731	46715	46715	46707	999999	46743	46743	46743	46735	46736	46736	46736	46728	46732	46732	46732	46724	46714	46714	46706	999999	999999	0	999999	999999	46738	46738	46738	46730	46737	46737	46737	46729	46734	46734	46734	46726	46716	46716	46708	999999	46753	46753	999999	999999	46731	46731	46731	46723	46756	46756	999999	999999	46729	46729	46729	46721	46726
46749	46749	46749	999999	46730	46730	46730	999999	46739	46739	46739	999999	46715	46715	46715	46707	46743	46743	46743	999999	46736	46736	46736	999999	46732	46732	46732	999999	46714	46714	46714	46706	999999	999999	0	999999	46738	46738	46738	999999	46737	46737	46737	999999	46734	46734	46734	999999	46716	46716	46716	46708	46753	46753	46753	999999	46731	46731	46731	999999	46756	46756	46756	999999	46729	46729	46729	999999	46726
46749	46749	46749	46749	46730	46730	46730	46730	46739	46739	46739	46739	46715	46715	46715	46715	46743	46743	46743	46743	46736	46736	46736	46736	46732	46732	46732	46732	46714	46714	46714	46714	999999	999999	999999	0	46738	46738	46738	46738	46737	46737	46737	46737	46734	46734	46734	46734	46716	46716	46716	46716	46753	46753	46753	46753	46731	46731	46731	46731	46756	46756	46756	46756	46729	46729	46729	46729	46726
46749	46749	46749	46741	46730	46730	46722	999999	46739	46739	46731	999999	46715	46707	999999	999999	46743	46743	46735	999999	46736	46736	46728	999999	46732	46732	46724	999999	46714	46706	999999	999999	0	999999	999999	999999	46738	46738	46730	999999	46737	46737	46729	999999	46734	46734	46726	999999	46716	46708	999999	999999	46753	46753	46753	46745	46731	46731	46723	999999	46756	46756	46756	46748	46729	46729	46721	999999	46726
46745	46745	46745	46737	46759	46759	999999	999999	46711	46711	46703	999999	46732	46732	46732	46724	46735	46735	46735	46727	46738	46738	46738	46730	46719	46719	46711	999999	46738	46738	46738	46730	46738	46738	46738	46730	999999	0	999999	999999	46713	46713	46705	999999	46736	46736	46736	46728	46738	46738	46738	46730	46719	46719	46711	999999	46725	46725	46725	46717	46722	46722	46714	999999	46712	46712	46704	999999	46756
46745	46745	46745	999999	46759	46759	46759	999999	46711	46711	46711	46703	46732	46732	46732	999999	46735	46735	46735	999999	46738	46738	46738	999999	46719	46719	46719	46711	46738	46738	46738	999999	46738	46738	46738	999999	999999	999999	0	999999	46713	46713	46713	46705	46736	46736	46736	999999	46738	46738	46738	999999	46719	46719	46719	46711	46725	46725	46725	999999	46722	46722	46722	46714	46712	46712	46712	46704	46756
46745	46745	46745	46745	46759	46759	46759	46759	46711	46711	46711	46711	46732	46732	46732	46732	46735	46735	46735	46735	46738	46738	46738	46738	46719	46719	46719	46719	46738	46738	46738	46738	46738	46738	46738	46738	999999	999999	999999	0	46713	46713	46713	46713	46736	46736	46736	46736	46738	46738	46738	46738	46719	46719	46719	46719	46725	46725	46725	46725	46722	46722	46722	46722	46712	46712	46712	46712	46756
46745	46745	46737	999999	46759	46759	46759	46751	46711	46703	999999	999999	46732	46732	46724	999999	46735	46735	46727	999999	46738	46738	46730	999999	46719	46711	999999	999999	46738	46738	46730	999999	46738	46738	46730	999999	0	999999	999999	999999	46713	46705	999999	999999	46736	46736	46728	999999	46738	46738	46730	999999	46719	46711	999999	999999	46725	46725	46717	999999	46722	46714	999999	999999	46712	46704	999999	999999	46756
46753	46753	999999	999999	46761	46761	999999	999999	46720	46720	46712	999999	46734	46734	46734	46726	46743	46743	46743	46735	46744	46744	46744	46736	46711	46711	46703	999999	46734	46734	46734	46726	46737	46737	46737	46729	46713	46713	46705	999999	999999	0	999999	999999	46727	46727	46727	46719	46740	46740	46740	46732	46723	46723	46715	999999	46717	46717	46709	999999	46729	46729	46729	46721	46712	46712	46704	999999	46757
46753	46753	46753	999999	46761	46761	46761	999999	46720	46720	46720	46712	46734	46734	46734	999999	46743	46743	46743	999999	46744	46744	46744	999999	46711	46711	46711	46703	46734	46734	46734	999999	46737	46737	46737	999999	46713	46713	46713	46705	999999	999999	0	999999	46727	46727	46727	999999	46740	46740	46740	999999	46723	46723	46723	46715	46717	46717	46717	46709	46729	46729	46729	999999	46712	46712	46712	46704	46757
46753	46753	46753	46753	46761	46761	46761	46761	46720	46720	46720	46720	46734	46734	46734	46734	46743	46743	46743	46743	46744	46744	46744	46744	46711	46711	46711	46711	46734	46734	46734	46734	46737	46737	46737	46737	46713	46713	46713	46713	999999	999999	999999	0	46727	46727	46727	46727	46740	46740	46740	46740	46723	46723	46723	46723	46717	46717	46717	46717	46729	46729	46729	46729	46712	46712	46712	46712	46757
46753	46753	46753	46745	46761	46761	46761	46753	46720	46712	999999	999999	46734	46734	46726	999999	46743	46743	46735	999999	46744	46744	46736	999999	46711	46703	999999	999999	46734	46734	46726	999999	46737	46737	46729	999999	46713	46705	999999	999999	0	999999	999999	999999	46727	46727	46719	999999	46740	46740	46732	999999	46723	46715	999999	999999	46717	46709	999999	999999	46729	46729	46721	999999	46712	46704	999999	999999	46757
46770	46770	999999	999999	46760	46760	999999	999999	46742	46742	46742	46734	46740	46740	46740	46732	46761	46761	999999	999999	46759	46759	999999	999999	46719	46719	46711	999999	46725	46725	46725	46717	46734	46734	46734	46726	46736	46736	46736	46728	46727	46727	46727	46719	999999	0	999999	999999	46745	46745	46745	46737	46746	46746	999999	999999	46714	46714	46706	999999	46752	46752	999999	999999	46729	46729	46729	46721	46757
46770	46770	46770	999999	46760	46760	46760	999999	46742	46742	46742	999999	46740	46740	46740	999999	46761	46761	46761	999999	46759	46759	46759	999999	46719	46719	46719	46711	46725	46725	46725	999999	46734	46734	46734	999999	46736	46736	46736	999999	46727	46727	46727	999999	999999	999999	0	999999	46745	46745	46745	999999	46746	46746	46746	999999	46714	46714	46714	46706	46752	46752	46752	999999	46729	46729	46729	999999	46757
46770	46770	46770	46770	46760	46760	46760	46760	46742	46742	46742	46742	46740	46740	46740	46740	46761	46761	46761	46761	46759	46759	46759	46759	46719	46719	46719	46719	46725	46725	46725	46725	46734	46734	46734	46734	46736	46736	46736	46736	46727	46727	46727	46727	999999	999999	999999	0	46745	46745	46745	46745	46746	46746	46746	46746	46714	46714	46714	46714	46752	46752	46752	46752	46729	46729	46729	46729	46757
46770	999999	999999	999999	46760	46760	46760	46752	46742	46742	46734	999999	46740	46740	46732	999999	46761	46761	46761	46753	46759	46759	46759	46751	46719	46711	999999	999999	46725	46725	46717	999999	46734	46734	46726	999999	46736	46736	46728	999999	46727	46727	46719	999999	0	999999	999999	999999	46745	46745	46737	999999	46746	46746	46746	46738	46714	46706	999999	999999	46752	46752	46752	46744	46729	46729	46721	999999	46757
46737	46737	46737	46729	46725	46725	46717	999999	46737	46737	46737	46729	46709	46709	46701	999999	46733	46733	46733	46725	46725	46725	46725	46717	46738	46738	46738	46730	46726	46726	46726	46718	46716	46716	46708	999999	46738	46738	46738	46730	46740	46740	46740	46732	46745	46745	46745	46737	999999	0	999999	999999	46752	46752	999999	999999	46739	46739	46739	46731	46754	46754	999999	999999	46732	46732	46732	46724	46721
46737	46737	46737	999999	46725	46725	46725	46717	46737	46737	46737	999999	46709	46709	46709	46701	46733	46733	46733	999999	46725	46725	46725	999999	46738	46738	46738	999999	46726	46726	46726	999999	46716	46716	46716	46708	46738	46738	46738	999999	46740	46740	46740	999999	46745	46745	46745	999999	999999	999999	0	999999	46752	46752	46752	999999	46739	46739	46739	999999	46754	46754	46754	999999	46732	46732	46732	999999	46721
46737	46737	46737	46737	46725	46725	46725	46725	46737	46737	46737	46737	46709	46709	46709	46709	46733	46733	46733	46733	46725	46725	46725	46725	46738	46738	46738	46738	46726	46726	46726	46726	46716	46716	46716	46716	46738	46738	46738	46738	46740	46740	46740	46740	46745	46745	46745	46745	999999	999999	999999	0	46752	46752	46752	46752	46739	46739	46739	46739	46754	46754	46754	46754	46732	46732	46732	46732	46721
46737	46737	46729	999999	46725	46717	999999	999999	46737	46737	46729	999999	46709	46701	999999	999999	46733	46733	46725	999999	46725	46725	46717	999999	46738	46738	46730	999999	46726	46726	46718	999999	46716	46708	999999	999999	46738	46738	46730	999999	46740	46740	46732	999999	46745	46745	46737	999999	0	999999	999999	999999	46752	46752	46752	46744	46739	46739	46731	999999	46754	46754	46754	46746	46732	46732	46724	999999	46721
46751	46751	999999	999999	46773	46773	999999	999999	46719	46719	46711	999999	46747	46747	999999	999999	46741	46741	46741	46733	46747	46747	999999	999999	46731	46731	46731	46723	46753	46753	999999	999999	46753	46753	999999	999999	46719	46719	46711	999999	46723	46723	46715	999999	46746	46746	999999	999999	46752	46752	999999	999999	999999	0	999999	999999	46737	46737	46737	46729	46710	46710	46702	999999	46727	46727	46727	46719	46770
46751	46751	46751	999999	46773	46773	46773	999999	46719	46719	46719	46711	46747	46747	46747	999999	46741	46741	46741	999999	46747	46747	46747	999999	46731	46731	46731	999999	46753	46753	46753	999999	46753	46753	46753	999999	46719	46719	46719	46711	46723	46723	46723	46715	46746	46746	46746	999999	46752	46752	46752	999999	999999	999999	0	999999	46737	46737	46737	999999	46710	46710	46710	46702	46727	46727	46727	999999	46770
46751	46751	46751	46751	46773	46773	46773	46773	46719	46719	46719	46719	46747	46747	46747	46747	46741	46741	46741	46741	46747	46747	46747	46747	46731	46731	46731	46731	46753	46753	46753	46753	46753	46753	46753	46753	46719	46719	46719	46719	46723	46723	46723	46723	46746	46746	46746	46746	46752	46752	46752	46752	999999	999999	999999	0	46737	46737	46737	46737	46710	46710	46710	46710	46727	46727	46727	46727	46770
46751	46751	46751	46743	46773	999999	999999	999999	46719	46711	999999	999999	46747	46747	46747	46739	46741	46741	46733	999999	46747	46747	46747	46739	46731	46731	46723	999999	46753	46753	46753	46745	46753	46753	46753	46745	46719	46711	999999	999999	46723	46715	999999	999999	46746	46746	46746	46738	46752	46752	46752	46744	0	999999	999999	999999	46737	46737	46729	999999	46710	46702	999999	999999	46727	46727	46719	999999	46770
46760	46760	999999	999999	46757	46757	999999	999999	46731	46731	46731	46723	46733	46733	46733	46725	46751	46751	999999	999999	46750	46750	999999	999999	46709	46709	46701	999999	46725	46725	46717	999999	46731	46731	46731	46723	46725	46725	46725	46717	46717	46717	46709	999999	46714	46714	46706	999999	46739	46739	46739	46731	46737	46737	46737	46729	999999	0	999999	999999	46742	46742	46742	46734	46718	46718	46710	999999	46754
46760	46760	46760	999999	46757	46757	46757	999999	46731	46731	46731	999999	46733	46733	46733	999999	46751	46751	46751	999999	46750	46750	46750	999999	46709	46709	46709	46701	46725	46725	46725	46717	46731	46731	46731	999999	46725	46725	46725	999999	46717	46717	46717	46709	46714	46714	46714	46706	46739	46739	46739	999999	46737	46737	46737	999999	999999	999999	0	999999	46742	46742	46742	999999	46718	46718	46718	46710	46754
46760	46760	46760	46760	46757	46757	46757	46757	46731	46731	46731	46731	46733	46733	46733	46733	46751	46751	46751	46751	46750	46750	46750	46750	46709	46709	46709	46709	46725	46725	46725	46725	46731	46731	46731	46731	46725	46725	46725	46725	46717	46717	46717	46717	46714	46714	46714	46714	46739	46739	46739	46739	46737	46737	46737	46737	999999	999999	999999	0	46742	46742	46742	46742	46718	46718	46718	46718	46754
46760	46760	46760	46752	46757	46757	46757	46749	46731	46731	46723	999999	46733	46733	46725	999999	46751	46751	46751	46743	46750	46750	46750	46742	46709	46701	999999	999999	46725	46717	999999	999999	46731	46731	46723	999999	46725	46725	46717	999999	46717	46709	999999	999999	46714	46706	999999	999999	46739	46739	46731	999999	46737	46737	46729	999999	0	999999	999999	999999	46742	46742	46734	999999	46718	46710	999999	999999	46754
46748	46748	999999	999999	46775	46775	999999	999999	46720	46720	46712	999999	46749	46749	999999	999999	46739	46739	46739	46731	46746	46746	999999	999999	46737	46737	46737	46729	46757	46757	999999	999999	46756	46756	999999	999999	46722	46722	46714	999999	46729	46729	46729	46721	46752	46752	999999	999999	46754	46754	999999	999999	46710	46710	46702	999999	46742	46742	46742	46734	999999	0	999999	999999	46731	46731	46731	46723	46772
46748	46748	46748	999999	46775	46775	46775	999999	46720	46720	46720	46712	46749	46749	46749	999999	46739	46739	46739	999999	46746	46746	46746	999999	46737	46737	46737	999999	46757	46757	46757	999999	46756	46756	46756	999999	46722	46722	46722	46714	46729	46729	46729	999999	46752	46752	46752	999999	46754	46754	46754	999999	46710	46710	46710	46702	46742	46742	46742	999999	999999	999999	0	999999	46731	46731	46731	999999	46772
46748	46748	46748	46748	46775	46775	46775	46775	46720	46720	46720	46720	46749	46749	46749	46749	46739	46739	46739	46739	46746	46746	46746	46746	46737	46737	46737	46737	46757	46757	46757	46757	46756	46756	46756	46756	46722	46722	46722	46722	46729	46729	46729	46729	46752	46752	46752	46752	46754	46754	46754	46754	46710	46710	46710	46710	46742	46742	46742	46742	999999	999999	999999	0	46731	46731	46731	46731	46772
46748	46748	46748	46740	46775	999999	999999	999999	46720	46712	999999	999999	46749	46749	46749	46741	46739	46739	46731	999999	46746	46746	46746	46738	46737	46737	46729	999999	46757	46757	46757	46749	46756	46756	46756	46748	46722	46714	999999	999999	46729	46729	46721	999999	46752	46752	46752	46744	46754	46754	46754	46746	46710	46702	999999	999999	46742	46742	46734	999999	0	999999	999999	999999	46731	46731	46723	999999	46772
46746	46746	999999	999999	46753	46753	999999	999999	46717	46717	46709	999999	46726	46726	46726	46718	46736	46736	46736	46728	46737	46737	46737	46729	46714	46714	46706	999999	46729	46729	46729	46721	46729	46729	46729	46721	46712	46712	46704	999999	46712	46712	46704	999999	46729	46729	46729	46721	46732	46732	46732	46724	46727	46727	46727	46719	46718	46718	46710	999999	46731	46731	46731	46723	999999	0	999999	999999	46749
46746	46746	46746	999999	46753	46753	46753	999999	46717	46717	46717	46709	46726	46726	46726	999999	46736	46736	46736	999999	46737	46737	46737	999999	46714	46714	46714	46706	46729	46729	46729	999999	46729	46729	46729	999999	46712	46712	46712	46704	46712	46712	46712	46704	46729	46729	46729	999999	46732	46732	46732	999999	46727	46727	46727	999999	46718	46718	46718	46710	46731	46731	46731	999999	999999	999999	0	999999	46749
46746	46746	46746	46746	46753	46753	46753	46753	46717	46717	46717	46717	46726	46726	46726	46726	46736	46736	46736	46736	46737	46737	46737	46737	46714	46714	46714	46714	46729	46729	46729	46729	46729	46729	46729	46729	46712	46712	46712	46712	46712	46712	46712	46712	46729	46729	46729	46729	46732	46732	46732	46732	46727	46727	46727	46727	46718	46718	46718	46718	46731	46731	46731	46731	999999	999999	999999	0	46749
46746	46746	46746	46738	46753	46753	46753	46745	46717	46709	999999	999999	46726	46726	46718	999999	46736	46736	46728	999999	46737	46737	46729	999999	46714	46706	999999	999999	46729	46729	46721	999999	46729	46729	46721	999999	46712	46704	999999	999999	46712	46704	999999	999999	46729	46729	46721	999999	46732	46732	46724	999999	46727	46727	46719	999999	46718	46710	999999	999999	46731	46731	46723	999999	0	999999	999999	999999	46749
46747	46747	999999	999999	46707	46707	46699	999999	46755	46755	999999	999999	46727	46727	46727	46719	46746	46746	46746	46738	46736	46736	46736	46728	46754	46754	999999	999999	46735	46735	46735	46727	46726	46726	46726	46718	46756	46756	999999	999999	46757	46757	999999	999999	46757	46757	999999	999999	46721	46721	46713	999999	46770	46770	999999	999999	46754	46754	999999	999999	46772	46772	999999	999999	46749	46749	999999	999999	999999
GTSP_SET_SECTION:
1 1 2 3 4 -1
2 5 6 7 8 -1
3 9 10 11 12 -1
4 13 14 15 16 -1
5 17 18 19 20 -1
6 21 22 23 24 -1
7 25 26 27 28 -1
8 29 30 31 32 -1
9 33 34 35 36 -1
10 37 38 39 40 -1
11 41 42 43 44 -1
12 45 46 47 48 -1
13 49 50 51 52 -1
14 53 54 55 56 -1
15 57 58 59 60 -1
16 61 62 63 64 -1
17 65 66 67 68 -1
18 69 70 71 72-1
19 73 -1
EOF