NAME:  test1
TYPE: AGTSP
COMMENT: gtsp tours
DIMENSION:  73
GTSP_SETS: 19
EDGE_WEIGHT_TYPE: EXPLICIT
EDGE_WEIGHT_FORMAT: FULL_MATRIX 
EDGE_WEIGHT_SECTION
999999	0	999999	999999	35759	35759	35751	999999	35810	35810	999999	999999	35796	35796	35796	35788	35805	35805	999999	999999	35798	35798	35798	35790	35762	35762	35754	999999	35789	35789	35789	35781	35811	35811	999999	999999	35776	35776	35768	999999	35805	35805	999999	999999	35770	35770	35762	999999	35775	35775	35767	999999	35811	35811	999999	999999	35789	35789	35789	35781	35768	35768	35760	999999	35782	35782	35782	35774	35784
999999	999999	0	999999	35759	35759	35759	35751	35810	35810	35810	999999	35796	35796	35796	999999	35805	35805	35805	999999	35798	35798	35798	999999	35762	35762	35762	35754	35789	35789	35789	999999	35811	35811	35811	999999	35776	35776	35776	35768	35805	35805	35805	999999	35770	35770	35770	35762	35775	35775	35775	35767	35811	35811	35811	999999	35789	35789	35789	999999	35768	35768	35768	35760	35782	35782	35782	999999	35784
999999	999999	999999	0	35759	35759	35759	35759	35810	35810	35810	35810	35796	35796	35796	35796	35805	35805	35805	35805	35798	35798	35798	35798	35762	35762	35762	35762	35789	35789	35789	35789	35811	35811	35811	35811	35776	35776	35776	35776	35805	35805	35805	35805	35770	35770	35770	35770	35775	35775	35775	35775	35811	35811	35811	35811	35789	35789	35789	35789	35768	35768	35768	35768	35782	35782	35782	35782	35784
0	999999	999999	999999	35759	35751	999999	999999	35810	35810	35810	35802	35796	35796	35788	999999	35805	35805	35805	35797	35798	35798	35790	999999	35762	35754	999999	999999	35789	35789	35781	999999	35811	35811	35811	35803	35776	35768	999999	999999	35805	35805	35805	35797	35770	35762	999999	999999	35775	35767	999999	999999	35811	35811	35811	35803	35789	35789	35781	999999	35768	35760	999999	999999	35782	35782	35774	999999	35784
35759	35759	35751	999999	999999	0	999999	999999	35809	35809	999999	999999	35794	35794	35794	35786	35803	35803	999999	999999	35796	35796	35796	35788	35761	35761	35753	999999	35788	35788	35788	35780	35808	35808	999999	999999	35773	35773	35765	999999	35804	35804	999999	999999	35770	35770	35762	999999	35777	35777	35769	999999	35808	35808	999999	999999	35786	35786	35786	35778	35766	35766	35758	999999	35779	35779	35779	35771	35781
35759	35759	35759	35751	999999	999999	0	999999	35809	35809	35809	999999	35794	35794	35794	999999	35803	35803	35803	999999	35796	35796	35796	999999	35761	35761	35761	35753	35788	35788	35788	999999	35808	35808	35808	999999	35773	35773	35773	35765	35804	35804	35804	999999	35770	35770	35770	35762	35777	35777	35777	35769	35808	35808	35808	999999	35786	35786	35786	999999	35766	35766	35766	35758	35779	35779	35779	999999	35781
35759	35759	35759	35759	999999	999999	999999	0	35809	35809	35809	35809	35794	35794	35794	35794	35803	35803	35803	35803	35796	35796	35796	35796	35761	35761	35761	35761	35788	35788	35788	35788	35808	35808	35808	35808	35773	35773	35773	35773	35804	35804	35804	35804	35770	35770	35770	35770	35777	35777	35777	35777	35808	35808	35808	35808	35786	35786	35786	35786	35766	35766	35766	35766	35779	35779	35779	35779	35781
35759	35751	999999	999999	0	999999	999999	999999	35809	35809	35809	35801	35794	35794	35786	999999	35803	35803	35803	35795	35796	35796	35788	999999	35761	35753	999999	999999	35788	35788	35780	999999	35808	35808	35808	35800	35773	35765	999999	999999	35804	35804	35804	35796	35770	35762	999999	999999	35777	35769	999999	999999	35808	35808	35808	35800	35786	35786	35778	999999	35766	35758	999999	999999	35779	35779	35771	999999	35781
35810	35810	999999	999999	35809	35809	999999	999999	999999	0	999999	999999	35772	35772	35764	999999	35767	35767	35759	999999	35775	35775	35767	999999	35805	35805	999999	999999	35784	35784	35784	35776	35782	35782	35782	35774	35798	35798	35798	35790	35762	35762	35754	999999	35822	35822	999999	999999	35803	35803	999999	999999	35807	35807	999999	999999	35811	35811	999999	999999	35813	35813	999999	999999	35796	35796	35796	35788	35812
35810	35810	35810	999999	35809	35809	35809	999999	999999	999999	0	999999	35772	35772	35772	35764	35767	35767	35767	35759	35775	35775	35775	35767	35805	35805	35805	999999	35784	35784	35784	999999	35782	35782	35782	999999	35798	35798	35798	999999	35762	35762	35762	35754	35822	35822	35822	999999	35803	35803	35803	999999	35807	35807	35807	999999	35811	35811	35811	999999	35813	35813	35813	999999	35796	35796	35796	999999	35812
35810	35810	35810	35810	35809	35809	35809	35809	999999	999999	999999	0	35772	35772	35772	35772	35767	35767	35767	35767	35775	35775	35775	35775	35805	35805	35805	35805	35784	35784	35784	35784	35782	35782	35782	35782	35798	35798	35798	35798	35762	35762	35762	35762	35822	35822	35822	35822	35803	35803	35803	35803	35807	35807	35807	35807	35811	35811	35811	35811	35813	35813	35813	35813	35796	35796	35796	35796	35812
35810	35810	35810	35802	35809	35809	35809	35801	0	999999	999999	999999	35772	35764	999999	999999	35767	35759	999999	999999	35775	35767	999999	999999	35805	35805	35805	35797	35784	35784	35776	999999	35782	35782	35774	999999	35798	35798	35790	999999	35762	35754	999999	999999	35822	999999	999999	999999	35803	35803	35803	35795	35807	35807	35807	35799	35811	35811	35811	35803	35813	35813	35813	35805	35796	35796	35788	999999	35812
35796	35796	35796	35788	35794	35794	35794	35786	35772	35772	35764	999999	999999	0	999999	999999	35772	35772	35764	999999	35772	35772	35764	999999	35790	35790	35790	35782	35769	35769	35761	999999	35787	35787	35787	35779	35787	35787	35787	35779	35766	35766	35758	999999	35808	35808	999999	999999	35788	35788	35788	35780	35806	35806	999999	999999	35802	35802	999999	999999	35800	35800	999999	999999	35786	35786	35786	35778	35802
35796	35796	35796	999999	35794	35794	35794	999999	35772	35772	35772	35764	999999	999999	0	999999	35772	35772	35772	35764	35772	35772	35772	35764	35790	35790	35790	999999	35769	35769	35769	35761	35787	35787	35787	999999	35787	35787	35787	999999	35766	35766	35766	35758	35808	35808	35808	999999	35788	35788	35788	999999	35806	35806	35806	999999	35802	35802	35802	999999	35800	35800	35800	999999	35786	35786	35786	999999	35802
35796	35796	35796	35796	35794	35794	35794	35794	35772	35772	35772	35772	999999	999999	999999	0	35772	35772	35772	35772	35772	35772	35772	35772	35790	35790	35790	35790	35769	35769	35769	35769	35787	35787	35787	35787	35787	35787	35787	35787	35766	35766	35766	35766	35808	35808	35808	35808	35788	35788	35788	35788	35806	35806	35806	35806	35802	35802	35802	35802	35800	35800	35800	35800	35786	35786	35786	35786	35802
35796	35796	35788	999999	35794	35794	35786	999999	35772	35764	999999	999999	0	999999	999999	999999	35772	35764	999999	999999	35772	35764	999999	999999	35790	35790	35782	999999	35769	35761	999999	999999	35787	35787	35779	999999	35787	35787	35779	999999	35766	35758	999999	999999	35808	35808	35808	35800	35788	35788	35780	999999	35806	35806	35806	35798	35802	35802	35802	35794	35800	35800	35800	35792	35786	35786	35778	999999	35802
35805	35805	999999	999999	35803	35803	999999	999999	35767	35767	35759	999999	35772	35772	35764	999999	999999	0	999999	999999	35765	35765	35757	999999	35800	35800	999999	999999	35785	35785	35785	35777	35772	35772	35764	999999	35790	35790	35790	35782	35768	35768	35760	999999	35816	35816	999999	999999	35802	35802	999999	999999	35796	35796	35796	35788	35801	35801	999999	999999	35806	35806	999999	999999	35787	35787	35787	35779	35802
35805	35805	35805	999999	35803	35803	35803	999999	35767	35767	35767	35759	35772	35772	35772	35764	999999	999999	0	999999	35765	35765	35765	35757	35800	35800	35800	999999	35785	35785	35785	999999	35772	35772	35772	35764	35790	35790	35790	999999	35768	35768	35768	35760	35816	35816	35816	999999	35802	35802	35802	999999	35796	35796	35796	999999	35801	35801	35801	999999	35806	35806	35806	999999	35787	35787	35787	999999	35802
35805	35805	35805	35805	35803	35803	35803	35803	35767	35767	35767	35767	35772	35772	35772	35772	999999	999999	999999	0	35765	35765	35765	35765	35800	35800	35800	35800	35785	35785	35785	35785	35772	35772	35772	35772	35790	35790	35790	35790	35768	35768	35768	35768	35816	35816	35816	35816	35802	35802	35802	35802	35796	35796	35796	35796	35801	35801	35801	35801	35806	35806	35806	35806	35787	35787	35787	35787	35802
35805	35805	35805	35797	35803	35803	35803	35795	35767	35759	999999	999999	35772	35764	999999	999999	0	999999	999999	999999	35765	35757	999999	999999	35800	35800	35800	35792	35785	35785	35777	999999	35772	35764	999999	999999	35790	35790	35782	999999	35768	35760	999999	999999	35816	35816	35816	35808	35802	35802	35802	35794	35796	35796	35788	999999	35801	35801	35801	35793	35806	35806	35806	35798	35787	35787	35779	999999	35802
35798	35798	35798	35790	35796	35796	35796	35788	35775	35775	35767	999999	35772	35772	35764	999999	35765	35765	35757	999999	999999	0	999999	999999	35792	35792	35792	35784	35783	35783	35783	35775	35772	35772	35764	999999	35782	35782	35782	35774	35773	35773	35765	999999	35808	35808	999999	999999	35797	35797	35797	35789	35791	35791	35791	35783	35792	35792	35792	35784	35798	35798	35798	35790	35778	35778	35778	35770	35794
35798	35798	35798	999999	35796	35796	35796	999999	35775	35775	35775	35767	35772	35772	35772	35764	35765	35765	35765	35757	999999	999999	0	999999	35792	35792	35792	999999	35783	35783	35783	999999	35772	35772	35772	35764	35782	35782	35782	999999	35773	35773	35773	35765	35808	35808	35808	999999	35797	35797	35797	999999	35791	35791	35791	999999	35792	35792	35792	999999	35798	35798	35798	999999	35778	35778	35778	999999	35794
35798	35798	35798	35798	35796	35796	35796	35796	35775	35775	35775	35775	35772	35772	35772	35772	35765	35765	35765	35765	999999	999999	999999	0	35792	35792	35792	35792	35783	35783	35783	35783	35772	35772	35772	35772	35782	35782	35782	35782	35773	35773	35773	35773	35808	35808	35808	35808	35797	35797	35797	35797	35791	35791	35791	35791	35792	35792	35792	35792	35798	35798	35798	35798	35778	35778	35778	35778	35794
35798	35798	35790	999999	35796	35796	35788	999999	35775	35767	999999	999999	35772	35764	999999	999999	35765	35757	999999	999999	0	999999	999999	999999	35792	35792	35784	999999	35783	35783	35775	999999	35772	35764	999999	999999	35782	35782	35774	999999	35773	35765	999999	999999	35808	35808	35808	35800	35797	35797	35789	999999	35791	35791	35783	999999	35792	35792	35784	999999	35798	35798	35790	999999	35778	35778	35770	999999	35794
35762	35762	35754	999999	35761	35761	35753	999999	35805	35805	999999	999999	35790	35790	35790	35782	35800	35800	999999	999999	35792	35792	35792	35784	999999	0	999999	999999	35784	35784	35784	35776	35806	35806	999999	999999	35772	35772	35764	999999	35799	35799	999999	999999	35775	35775	35767	999999	35774	35774	35766	999999	35807	35807	999999	999999	35787	35787	35787	35779	35769	35769	35761	999999	35778	35778	35778	35770	35783
35762	35762	35762	35754	35761	35761	35761	35753	35805	35805	35805	999999	35790	35790	35790	999999	35800	35800	35800	999999	35792	35792	35792	999999	999999	999999	0	999999	35784	35784	35784	999999	35806	35806	35806	999999	35772	35772	35772	35764	35799	35799	35799	999999	35775	35775	35775	35767	35774	35774	35774	35766	35807	35807	35807	999999	35787	35787	35787	999999	35769	35769	35769	35761	35778	35778	35778	999999	35783
35762	35762	35762	35762	35761	35761	35761	35761	35805	35805	35805	35805	35790	35790	35790	35790	35800	35800	35800	35800	35792	35792	35792	35792	999999	999999	999999	0	35784	35784	35784	35784	35806	35806	35806	35806	35772	35772	35772	35772	35799	35799	35799	35799	35775	35775	35775	35775	35774	35774	35774	35774	35807	35807	35807	35807	35787	35787	35787	35787	35769	35769	35769	35769	35778	35778	35778	35778	35783
35762	35754	999999	999999	35761	35753	999999	999999	35805	35805	35805	35797	35790	35790	35782	999999	35800	35800	35800	35792	35792	35792	35784	999999	0	999999	999999	999999	35784	35784	35776	999999	35806	35806	35806	35798	35772	35764	999999	999999	35799	35799	35799	35791	35775	35767	999999	999999	35774	35766	999999	999999	35807	35807	35807	35799	35787	35787	35779	999999	35769	35761	999999	999999	35778	35778	35770	999999	35783
35789	35789	35789	35781	35788	35788	35788	35780	35784	35784	35784	35776	35769	35769	35761	999999	35785	35785	35785	35777	35783	35783	35783	35775	35784	35784	35784	35776	999999	0	999999	999999	35798	35798	35798	35790	35787	35787	35787	35779	35778	35778	35778	35770	35802	35802	999999	999999	35776	35776	35768	999999	35814	35814	999999	999999	35805	35805	999999	999999	35796	35796	35796	35788	35789	35789	35789	35781	35803
35789	35789	35789	999999	35788	35788	35788	999999	35784	35784	35784	999999	35769	35769	35769	35761	35785	35785	35785	999999	35783	35783	35783	999999	35784	35784	35784	999999	999999	999999	0	999999	35798	35798	35798	999999	35787	35787	35787	999999	35778	35778	35778	999999	35802	35802	35802	999999	35776	35776	35776	35768	35814	35814	35814	999999	35805	35805	35805	999999	35796	35796	35796	999999	35789	35789	35789	999999	35803
35789	35789	35789	35789	35788	35788	35788	35788	35784	35784	35784	35784	35769	35769	35769	35769	35785	35785	35785	35785	35783	35783	35783	35783	35784	35784	35784	35784	999999	999999	999999	0	35798	35798	35798	35798	35787	35787	35787	35787	35778	35778	35778	35778	35802	35802	35802	35802	35776	35776	35776	35776	35814	35814	35814	35814	35805	35805	35805	35805	35796	35796	35796	35796	35789	35789	35789	35789	35803
35789	35789	35781	999999	35788	35788	35780	999999	35784	35784	35776	999999	35769	35761	999999	999999	35785	35785	35777	999999	35783	35783	35775	999999	35784	35784	35776	999999	0	999999	999999	999999	35798	35798	35790	999999	35787	35787	35779	999999	35778	35778	35770	999999	35802	35802	35802	35794	35776	35768	999999	999999	35814	35814	35814	35806	35805	35805	35805	35797	35796	35796	35788	999999	35789	35789	35781	999999	35803
35811	35811	999999	999999	35808	35808	999999	999999	35782	35782	35782	35774	35787	35787	35787	35779	35772	35772	35764	999999	35772	35772	35764	999999	35806	35806	999999	999999	35798	35798	35798	35790	999999	0	999999	999999	35792	35792	35792	35784	35784	35784	35784	35776	35819	35819	999999	999999	35813	35813	999999	999999	35783	35783	35783	35775	35796	35796	35796	35788	35808	35808	999999	999999	35787	35787	35787	35779	35800
35811	35811	35811	999999	35808	35808	35808	999999	35782	35782	35782	999999	35787	35787	35787	999999	35772	35772	35772	35764	35772	35772	35772	35764	35806	35806	35806	999999	35798	35798	35798	999999	999999	999999	0	999999	35792	35792	35792	999999	35784	35784	35784	999999	35819	35819	35819	999999	35813	35813	35813	999999	35783	35783	35783	999999	35796	35796	35796	999999	35808	35808	35808	999999	35787	35787	35787	999999	35800
35811	35811	35811	35811	35808	35808	35808	35808	35782	35782	35782	35782	35787	35787	35787	35787	35772	35772	35772	35772	35772	35772	35772	35772	35806	35806	35806	35806	35798	35798	35798	35798	999999	999999	999999	0	35792	35792	35792	35792	35784	35784	35784	35784	35819	35819	35819	35819	35813	35813	35813	35813	35783	35783	35783	35783	35796	35796	35796	35796	35808	35808	35808	35808	35787	35787	35787	35787	35800
35811	35811	35811	35803	35808	35808	35808	35800	35782	35782	35774	999999	35787	35787	35779	999999	35772	35764	999999	999999	35772	35764	999999	999999	35806	35806	35806	35798	35798	35798	35790	999999	0	999999	999999	999999	35792	35792	35784	999999	35784	35784	35776	999999	35819	35819	35819	35811	35813	35813	35813	35805	35783	35783	35775	999999	35796	35796	35788	999999	35808	35808	35808	35800	35787	35787	35779	999999	35800
35776	35776	35768	999999	35773	35773	35765	999999	35798	35798	35798	35790	35787	35787	35787	35779	35790	35790	35790	35782	35782	35782	35782	35774	35772	35772	35764	999999	35787	35787	35787	35779	35792	35792	35792	35784	999999	0	999999	999999	35794	35794	35794	35786	35783	35783	35783	35775	35787	35787	35787	35779	35792	35792	35792	35784	35775	35775	35767	999999	35772	35772	35764	999999	35762	35762	35754	999999	35772
35776	35776	35776	35768	35773	35773	35773	35765	35798	35798	35798	999999	35787	35787	35787	999999	35790	35790	35790	999999	35782	35782	35782	999999	35772	35772	35772	35764	35787	35787	35787	999999	35792	35792	35792	999999	999999	999999	0	999999	35794	35794	35794	999999	35783	35783	35783	999999	35787	35787	35787	999999	35792	35792	35792	999999	35775	35775	35775	35767	35772	35772	35772	35764	35762	35762	35762	35754	35772
35776	35776	35776	35776	35773	35773	35773	35773	35798	35798	35798	35798	35787	35787	35787	35787	35790	35790	35790	35790	35782	35782	35782	35782	35772	35772	35772	35772	35787	35787	35787	35787	35792	35792	35792	35792	999999	999999	999999	0	35794	35794	35794	35794	35783	35783	35783	35783	35787	35787	35787	35787	35792	35792	35792	35792	35775	35775	35775	35775	35772	35772	35772	35772	35762	35762	35762	35762	35772
35776	35768	999999	999999	35773	35765	999999	999999	35798	35798	35790	999999	35787	35787	35779	999999	35790	35790	35782	999999	35782	35782	35774	999999	35772	35764	999999	999999	35787	35787	35779	999999	35792	35792	35784	999999	0	999999	999999	999999	35794	35794	35786	999999	35783	35783	35775	999999	35787	35787	35779	999999	35792	35792	35784	999999	35775	35767	999999	999999	35772	35764	999999	999999	35762	35754	999999	999999	35772
35805	35805	999999	999999	35804	35804	999999	999999	35762	35762	35754	999999	35766	35766	35758	999999	35768	35768	35760	999999	35773	35773	35765	999999	35799	35799	999999	999999	35778	35778	35778	35770	35784	35784	35784	35776	35794	35794	35794	35786	999999	0	999999	999999	35817	35817	999999	999999	35797	35797	35797	35789	35808	35808	999999	999999	35808	35808	999999	999999	35808	35808	999999	999999	35793	35793	35793	35785	35809
35805	35805	35805	999999	35804	35804	35804	999999	35762	35762	35762	35754	35766	35766	35766	35758	35768	35768	35768	35760	35773	35773	35773	35765	35799	35799	35799	999999	35778	35778	35778	999999	35784	35784	35784	999999	35794	35794	35794	999999	999999	999999	0	999999	35817	35817	35817	999999	35797	35797	35797	999999	35808	35808	35808	999999	35808	35808	35808	999999	35808	35808	35808	999999	35793	35793	35793	999999	35809
35805	35805	35805	35805	35804	35804	35804	35804	35762	35762	35762	35762	35766	35766	35766	35766	35768	35768	35768	35768	35773	35773	35773	35773	35799	35799	35799	35799	35778	35778	35778	35778	35784	35784	35784	35784	35794	35794	35794	35794	999999	999999	999999	0	35817	35817	35817	35817	35797	35797	35797	35797	35808	35808	35808	35808	35808	35808	35808	35808	35808	35808	35808	35808	35793	35793	35793	35793	35809
35805	35805	35805	35797	35804	35804	35804	35796	35762	35754	999999	999999	35766	35758	999999	999999	35768	35760	999999	999999	35773	35765	999999	999999	35799	35799	35799	35791	35778	35778	35770	999999	35784	35784	35776	999999	35794	35794	35786	999999	0	999999	999999	999999	35817	35817	35817	35809	35797	35797	35789	999999	35808	35808	35808	35800	35808	35808	35808	35800	35808	35808	35808	35800	35793	35793	35785	999999	35809
35770	35770	35762	999999	35770	35770	35762	999999	35822	35822	999999	999999	35808	35808	999999	999999	35816	35816	999999	999999	35808	35808	999999	999999	35775	35775	35767	999999	35802	35802	999999	999999	35819	35819	999999	999999	35783	35783	35783	35775	35817	35817	999999	999999	999999	0	999999	999999	35788	35788	35788	35780	35812	35812	999999	999999	35788	35788	35788	35780	35767	35767	35759	999999	35788	35788	35788	35780	35782
35770	35770	35770	35762	35770	35770	35770	35762	35822	35822	35822	999999	35808	35808	35808	999999	35816	35816	35816	999999	35808	35808	35808	999999	35775	35775	35775	35767	35802	35802	35802	999999	35819	35819	35819	999999	35783	35783	35783	999999	35817	35817	35817	999999	999999	999999	0	999999	35788	35788	35788	999999	35812	35812	35812	999999	35788	35788	35788	999999	35767	35767	35767	35759	35788	35788	35788	999999	35782
35770	35770	35770	35770	35770	35770	35770	35770	35822	35822	35822	35822	35808	35808	35808	35808	35816	35816	35816	35816	35808	35808	35808	35808	35775	35775	35775	35775	35802	35802	35802	35802	35819	35819	35819	35819	35783	35783	35783	35783	35817	35817	35817	35817	999999	999999	999999	0	35788	35788	35788	35788	35812	35812	35812	35812	35788	35788	35788	35788	35767	35767	35767	35767	35788	35788	35788	35788	35782
35770	35762	999999	999999	35770	35762	999999	999999	35822	999999	999999	999999	35808	35808	35808	35800	35816	35816	35816	35808	35808	35808	35808	35800	35775	35767	999999	999999	35802	35802	35802	35794	35819	35819	35819	35811	35783	35783	35775	999999	35817	35817	35817	35809	0	999999	999999	999999	35788	35788	35780	999999	35812	35812	35812	35804	35788	35788	35780	999999	35767	35759	999999	999999	35788	35788	35780	999999	35782
35775	35775	35767	999999	35777	35777	35769	999999	35803	35803	999999	999999	35788	35788	35788	35780	35802	35802	999999	999999	35797	35797	35797	35789	35774	35774	35766	999999	35776	35776	35768	999999	35813	35813	999999	999999	35787	35787	35787	35779	35797	35797	35797	35789	35788	35788	35788	35780	999999	0	999999	999999	35821	35821	999999	999999	35804	35804	999999	999999	35786	35786	35786	35778	35792	35792	35792	35784	35800
35775	35775	35775	35767	35777	35777	35777	35769	35803	35803	35803	999999	35788	35788	35788	999999	35802	35802	35802	999999	35797	35797	35797	999999	35774	35774	35774	35766	35776	35776	35776	35768	35813	35813	35813	999999	35787	35787	35787	999999	35797	35797	35797	999999	35788	35788	35788	999999	999999	999999	0	999999	35821	35821	35821	999999	35804	35804	35804	999999	35786	35786	35786	999999	35792	35792	35792	999999	35800
35775	35775	35775	35775	35777	35777	35777	35777	35803	35803	35803	35803	35788	35788	35788	35788	35802	35802	35802	35802	35797	35797	35797	35797	35774	35774	35774	35774	35776	35776	35776	35776	35813	35813	35813	35813	35787	35787	35787	35787	35797	35797	35797	35797	35788	35788	35788	35788	999999	999999	999999	0	35821	35821	35821	35821	35804	35804	35804	35804	35786	35786	35786	35786	35792	35792	35792	35792	35800
35775	35767	999999	999999	35777	35769	999999	999999	35803	35803	35803	35795	35788	35788	35780	999999	35802	35802	35802	35794	35797	35797	35789	999999	35774	35766	999999	999999	35776	35768	999999	999999	35813	35813	35813	35805	35787	35787	35779	999999	35797	35797	35789	999999	35788	35788	35780	999999	0	999999	999999	999999	35821	999999	999999	999999	35804	35804	35804	35796	35786	35786	35778	999999	35792	35792	35784	999999	35800
35811	35811	999999	999999	35808	35808	999999	999999	35807	35807	999999	999999	35806	35806	999999	999999	35796	35796	35796	35788	35791	35791	35791	35783	35807	35807	999999	999999	35814	35814	999999	999999	35783	35783	35783	35775	35792	35792	35792	35784	35808	35808	999999	999999	35812	35812	999999	999999	35821	35821	999999	999999	999999	0	999999	999999	35781	35781	35781	35773	35803	35803	999999	999999	35786	35786	35786	35778	35787
35811	35811	35811	999999	35808	35808	35808	999999	35807	35807	35807	999999	35806	35806	35806	999999	35796	35796	35796	999999	35791	35791	35791	999999	35807	35807	35807	999999	35814	35814	35814	999999	35783	35783	35783	999999	35792	35792	35792	999999	35808	35808	35808	999999	35812	35812	35812	999999	35821	35821	35821	999999	999999	999999	0	999999	35781	35781	35781	999999	35803	35803	35803	999999	35786	35786	35786	999999	35787
35811	35811	35811	35811	35808	35808	35808	35808	35807	35807	35807	35807	35806	35806	35806	35806	35796	35796	35796	35796	35791	35791	35791	35791	35807	35807	35807	35807	35814	35814	35814	35814	35783	35783	35783	35783	35792	35792	35792	35792	35808	35808	35808	35808	35812	35812	35812	35812	35821	35821	35821	35821	999999	999999	999999	0	35781	35781	35781	35781	35803	35803	35803	35803	35786	35786	35786	35786	35787
35811	35811	35811	35803	35808	35808	35808	35800	35807	35807	35807	35799	35806	35806	35806	35798	35796	35796	35788	999999	35791	35791	35783	999999	35807	35807	35807	35799	35814	35814	35814	35806	35783	35783	35775	999999	35792	35792	35784	999999	35808	35808	35808	35800	35812	35812	35812	35804	35821	999999	999999	999999	0	999999	999999	999999	35781	35781	35773	999999	35803	35803	35803	35795	35786	35786	35778	999999	35787
35789	35789	35789	35781	35786	35786	35786	35778	35811	35811	999999	999999	35802	35802	999999	999999	35801	35801	999999	999999	35792	35792	35792	35784	35787	35787	35787	35779	35805	35805	999999	999999	35796	35796	35796	35788	35775	35775	35767	999999	35808	35808	999999	999999	35788	35788	35788	35780	35804	35804	999999	999999	35781	35781	35781	35773	999999	0	999999	999999	35779	35779	35779	35771	35772	35772	35764	999999	35762
35789	35789	35789	999999	35786	35786	35786	999999	35811	35811	35811	999999	35802	35802	35802	999999	35801	35801	35801	999999	35792	35792	35792	999999	35787	35787	35787	999999	35805	35805	35805	999999	35796	35796	35796	999999	35775	35775	35775	35767	35808	35808	35808	999999	35788	35788	35788	999999	35804	35804	35804	999999	35781	35781	35781	999999	999999	999999	0	999999	35779	35779	35779	999999	35772	35772	35772	35764	35762
35789	35789	35789	35789	35786	35786	35786	35786	35811	35811	35811	35811	35802	35802	35802	35802	35801	35801	35801	35801	35792	35792	35792	35792	35787	35787	35787	35787	35805	35805	35805	35805	35796	35796	35796	35796	35775	35775	35775	35775	35808	35808	35808	35808	35788	35788	35788	35788	35804	35804	35804	35804	35781	35781	35781	35781	999999	999999	999999	0	35779	35779	35779	35779	35772	35772	35772	35772	35762
35789	35789	35781	999999	35786	35786	35778	999999	35811	35811	35811	35803	35802	35802	35802	35794	35801	35801	35801	35793	35792	35792	35784	999999	35787	35787	35779	999999	35805	35805	35805	35797	35796	35796	35788	999999	35775	35767	999999	999999	35808	35808	35808	35800	35788	35788	35780	999999	35804	35804	35804	35796	35781	35781	35773	999999	0	999999	999999	999999	35779	35779	35771	999999	35772	35764	999999	999999	35762
35768	35768	35760	999999	35766	35766	35758	999999	35813	35813	999999	999999	35800	35800	999999	999999	35806	35806	999999	999999	35798	35798	35798	35790	35769	35769	35761	999999	35796	35796	35796	35788	35808	35808	999999	999999	35772	35772	35764	999999	35808	35808	999999	999999	35767	35767	35759	999999	35786	35786	35786	35778	35803	35803	999999	999999	35779	35779	35779	35771	999999	0	999999	999999	35777	35777	35769	999999	35773
35768	35768	35768	35760	35766	35766	35766	35758	35813	35813	35813	999999	35800	35800	35800	999999	35806	35806	35806	999999	35798	35798	35798	999999	35769	35769	35769	35761	35796	35796	35796	999999	35808	35808	35808	999999	35772	35772	35772	35764	35808	35808	35808	999999	35767	35767	35767	35759	35786	35786	35786	999999	35803	35803	35803	999999	35779	35779	35779	999999	999999	999999	0	999999	35777	35777	35777	35769	35773
35768	35768	35768	35768	35766	35766	35766	35766	35813	35813	35813	35813	35800	35800	35800	35800	35806	35806	35806	35806	35798	35798	35798	35798	35769	35769	35769	35769	35796	35796	35796	35796	35808	35808	35808	35808	35772	35772	35772	35772	35808	35808	35808	35808	35767	35767	35767	35767	35786	35786	35786	35786	35803	35803	35803	35803	35779	35779	35779	35779	999999	999999	999999	0	35777	35777	35777	35777	35773
35768	35760	999999	999999	35766	35758	999999	999999	35813	35813	35813	35805	35800	35800	35800	35792	35806	35806	35806	35798	35798	35798	35790	999999	35769	35761	999999	999999	35796	35796	35788	999999	35808	35808	35808	35800	35772	35764	999999	999999	35808	35808	35808	35800	35767	35759	999999	999999	35786	35786	35778	999999	35803	35803	35803	35795	35779	35779	35771	999999	0	999999	999999	999999	35777	35769	999999	999999	35773
35782	35782	35782	35774	35779	35779	35779	35771	35796	35796	35796	35788	35786	35786	35786	35778	35787	35787	35787	35779	35778	35778	35778	35770	35778	35778	35778	35770	35789	35789	35789	35781	35787	35787	35787	35779	35762	35762	35754	999999	35793	35793	35793	35785	35788	35788	35788	35780	35792	35792	35792	35784	35786	35786	35786	35778	35772	35772	35764	999999	35777	35777	35769	999999	999999	0	999999	999999	35772
35782	35782	35782	999999	35779	35779	35779	999999	35796	35796	35796	999999	35786	35786	35786	999999	35787	35787	35787	999999	35778	35778	35778	999999	35778	35778	35778	999999	35789	35789	35789	999999	35787	35787	35787	999999	35762	35762	35762	35754	35793	35793	35793	999999	35788	35788	35788	999999	35792	35792	35792	999999	35786	35786	35786	999999	35772	35772	35772	35764	35777	35777	35777	35769	999999	999999	0	999999	35772
35782	35782	35782	35782	35779	35779	35779	35779	35796	35796	35796	35796	35786	35786	35786	35786	35787	35787	35787	35787	35778	35778	35778	35778	35778	35778	35778	35778	35789	35789	35789	35789	35787	35787	35787	35787	35762	35762	35762	35762	35793	35793	35793	35793	35788	35788	35788	35788	35792	35792	35792	35792	35786	35786	35786	35786	35772	35772	35772	35772	35777	35777	35777	35777	999999	999999	999999	0	35772
35782	35782	35774	999999	35779	35779	35771	999999	35796	35796	35788	999999	35786	35786	35778	999999	35787	35787	35779	999999	35778	35778	35770	999999	35778	35778	35770	999999	35789	35789	35781	999999	35787	35787	35779	999999	35762	35754	999999	999999	35793	35793	35785	999999	35788	35788	35780	999999	35792	35792	35784	999999	35786	35786	35778	999999	35772	35764	999999	999999	35777	35769	999999	999999	0	999999	999999	999999	35772
35784	35784	35784	35776	35781	35781	35781	35773	35812	35812	999999	999999	35802	35802	999999	999999	35802	35802	999999	999999	35794	35794	35794	35786	35783	35783	35783	35775	35803	35803	999999	999999	35800	35800	999999	999999	35772	35772	35764	999999	35809	35809	999999	999999	35782	35782	35782	35774	35800	35800	999999	999999	35787	35787	35787	35779	35762	35762	35754	999999	35773	35773	35765	999999	35772	35772	35764	999999	999999
GTSP_SET_SECTION:
1 1 2 3 4 -1
2 5 6 7 8 -1
3 9 10 11 12 -1
4 13 14 15 16 -1
5 17 18 19 20 -1
6 21 22 23 24 -1
7 25 26 27 28 -1
8 29 30 31 32 -1
9 33 34 35 36 -1
10 37 38 39 40 -1
11 41 42 43 44 -1
12 45 46 47 48 -1
13 49 50 51 52 -1
14 53 54 55 56 -1
15 57 58 59 60 -1
16 61 62 63 64 -1
17 65 66 67 68 -1
18 69 70 71 72-1
19 73 -1
EOF