NAME:  test1
TYPE: AGTSP
COMMENT: gtsp tours
DIMENSION:  73
GTSP_SETS: 19
EDGE_WEIGHT_TYPE: EXPLICIT
EDGE_WEIGHT_FORMAT: FULL_MATRIX 
EDGE_WEIGHT_SECTION
999999	0	999999	999999	41468	41468	41468	41460	41488	41488	999999	999999	41490	41490	999999	999999	41461	41461	41453	999999	41486	41486	999999	999999	41476	41476	41476	41468	41470	41470	41470	41462	41491	41491	999999	999999	41474	41474	41474	41466	41473	41473	41473	41465	41505	41505	999999	999999	41497	41497	999999	999999	41491	41491	999999	999999	41487	41487	999999	999999	41490	41490	999999	999999	41453	41453	41445	999999	41493
999999	999999	0	999999	41468	41468	41468	999999	41488	41488	41488	999999	41490	41490	41490	999999	41461	41461	41461	41453	41486	41486	41486	999999	41476	41476	41476	999999	41470	41470	41470	999999	41491	41491	41491	999999	41474	41474	41474	999999	41473	41473	41473	999999	41505	41505	41505	999999	41497	41497	41497	999999	41491	41491	41491	999999	41487	41487	41487	999999	41490	41490	41490	999999	41453	41453	41453	41445	41493
999999	999999	999999	0	41468	41468	41468	41468	41488	41488	41488	41488	41490	41490	41490	41490	41461	41461	41461	41461	41486	41486	41486	41486	41476	41476	41476	41476	41470	41470	41470	41470	41491	41491	41491	41491	41474	41474	41474	41474	41473	41473	41473	41473	41505	41505	41505	41505	41497	41497	41497	41497	41491	41491	41491	41491	41487	41487	41487	41487	41490	41490	41490	41490	41453	41453	41453	41453	41493
0	999999	999999	999999	41468	41468	41460	999999	41488	41488	41488	41480	41490	41490	41490	41482	41461	41453	999999	999999	41486	41486	41486	41478	41476	41476	41468	999999	41470	41470	41462	999999	41491	41491	41491	41483	41474	41474	41466	999999	41473	41473	41465	999999	41505	999999	999999	999999	41497	41497	41497	41489	41491	41491	41491	41483	41487	41487	41487	41479	41490	41490	41490	41482	41453	41445	999999	999999	41493
41468	41468	41468	41460	999999	0	999999	999999	41471	41471	41471	41463	41478	41478	41478	41470	41460	41460	41452	999999	41470	41470	41470	41462	41459	41459	41451	999999	41449	41449	41441	999999	41474	41474	41474	41466	41460	41460	41452	999999	41448	41448	41440	999999	41481	41481	41481	41473	41475	41475	41475	41467	41485	41485	999999	999999	41478	41478	41478	41470	41466	41466	41466	41458	41466	41466	41466	41458	41468
41468	41468	41468	999999	999999	999999	0	999999	41471	41471	41471	999999	41478	41478	41478	999999	41460	41460	41460	41452	41470	41470	41470	999999	41459	41459	41459	41451	41449	41449	41449	41441	41474	41474	41474	999999	41460	41460	41460	41452	41448	41448	41448	41440	41481	41481	41481	999999	41475	41475	41475	999999	41485	41485	41485	999999	41478	41478	41478	999999	41466	41466	41466	999999	41466	41466	41466	999999	41468
41468	41468	41468	41468	999999	999999	999999	0	41471	41471	41471	41471	41478	41478	41478	41478	41460	41460	41460	41460	41470	41470	41470	41470	41459	41459	41459	41459	41449	41449	41449	41449	41474	41474	41474	41474	41460	41460	41460	41460	41448	41448	41448	41448	41481	41481	41481	41481	41475	41475	41475	41475	41485	41485	41485	41485	41478	41478	41478	41478	41466	41466	41466	41466	41466	41466	41466	41466	41468
41468	41468	41460	999999	0	999999	999999	999999	41471	41471	41463	999999	41478	41478	41470	999999	41460	41452	999999	999999	41470	41470	41462	999999	41459	41451	999999	999999	41449	41441	999999	999999	41474	41474	41466	999999	41460	41452	999999	999999	41448	41440	999999	999999	41481	41481	41473	999999	41475	41475	41467	999999	41485	41485	41485	41477	41478	41478	41470	999999	41466	41466	41458	999999	41466	41466	41458	999999	41468
41488	41488	999999	999999	41471	41471	41471	41463	999999	0	999999	999999	41453	41453	41445	999999	41489	41489	999999	999999	41443	41443	41435	999999	41454	41454	41446	999999	41477	41477	41477	41469	41498	41498	999999	999999	41488	41488	999999	999999	41466	41466	41466	41458	41467	41467	41467	41459	41493	41493	999999	999999	41463	41463	41463	41455	41456	41456	41448	999999	41458	41458	41450	999999	41479	41479	41479	41471	41477
41488	41488	41488	999999	41471	41471	41471	999999	999999	999999	0	999999	41453	41453	41453	41445	41489	41489	41489	999999	41443	41443	41443	41435	41454	41454	41454	41446	41477	41477	41477	999999	41498	41498	41498	999999	41488	41488	41488	999999	41466	41466	41466	999999	41467	41467	41467	999999	41493	41493	41493	999999	41463	41463	41463	999999	41456	41456	41456	41448	41458	41458	41458	41450	41479	41479	41479	999999	41477
41488	41488	41488	41488	41471	41471	41471	41471	999999	999999	999999	0	41453	41453	41453	41453	41489	41489	41489	41489	41443	41443	41443	41443	41454	41454	41454	41454	41477	41477	41477	41477	41498	41498	41498	41498	41488	41488	41488	41488	41466	41466	41466	41466	41467	41467	41467	41467	41493	41493	41493	41493	41463	41463	41463	41463	41456	41456	41456	41456	41458	41458	41458	41458	41479	41479	41479	41479	41477
41488	41488	41488	41480	41471	41471	41463	999999	0	999999	999999	999999	41453	41445	999999	999999	41489	41489	41489	41481	41443	41435	999999	999999	41454	41446	999999	999999	41477	41477	41469	999999	41498	41498	41498	41490	41488	41488	41488	41480	41466	41466	41458	999999	41467	41467	41459	999999	41493	41493	41493	41485	41463	41463	41455	999999	41456	41448	999999	999999	41458	41450	999999	999999	41479	41479	41471	999999	41477
41490	41490	999999	999999	41478	41478	41478	41470	41453	41453	41445	999999	999999	0	999999	999999	41495	41495	999999	999999	41452	41452	41444	999999	41461	41461	41453	999999	41486	41486	999999	999999	41508	41508	999999	999999	41496	41496	999999	999999	41475	41475	41475	41467	41476	41476	41476	41468	41503	41503	999999	999999	41453	41453	41445	999999	41447	41447	41439	999999	41469	41469	41469	41461	41480	41480	41480	41472	41487
41490	41490	41490	999999	41478	41478	41478	999999	41453	41453	41453	41445	999999	999999	0	999999	41495	41495	41495	999999	41452	41452	41452	41444	41461	41461	41461	41453	41486	41486	41486	999999	41508	41508	41508	999999	41496	41496	41496	999999	41475	41475	41475	999999	41476	41476	41476	999999	41503	41503	41503	999999	41453	41453	41453	41445	41447	41447	41447	41439	41469	41469	41469	999999	41480	41480	41480	999999	41487
41490	41490	41490	41490	41478	41478	41478	41478	41453	41453	41453	41453	999999	999999	999999	0	41495	41495	41495	41495	41452	41452	41452	41452	41461	41461	41461	41461	41486	41486	41486	41486	41508	41508	41508	41508	41496	41496	41496	41496	41475	41475	41475	41475	41476	41476	41476	41476	41503	41503	41503	41503	41453	41453	41453	41453	41447	41447	41447	41447	41469	41469	41469	41469	41480	41480	41480	41480	41487
41490	41490	41490	41482	41478	41478	41470	999999	41453	41445	999999	999999	0	999999	999999	999999	41495	41495	41495	41487	41452	41444	999999	999999	41461	41453	999999	999999	41486	41486	41486	41478	41508	999999	999999	999999	41496	41496	41496	41488	41475	41475	41467	999999	41476	41476	41468	999999	41503	41503	41503	41495	41453	41445	999999	999999	41447	41439	999999	999999	41469	41469	41461	999999	41480	41480	41472	999999	41487
41461	41461	41453	999999	41460	41460	41452	999999	41489	41489	999999	999999	41495	41495	999999	999999	999999	0	999999	999999	41488	41488	999999	999999	41477	41477	41477	41469	41457	41457	41449	999999	41473	41473	41473	41465	41456	41456	41448	999999	41466	41466	41466	41458	41499	41499	999999	999999	41480	41480	41480	41472	41499	41499	999999	999999	41494	41494	999999	999999	41484	41484	999999	999999	41467	41467	41467	41459	41481
41461	41461	41461	41453	41460	41460	41460	41452	41489	41489	41489	999999	41495	41495	41495	999999	999999	999999	0	999999	41488	41488	41488	999999	41477	41477	41477	999999	41457	41457	41457	41449	41473	41473	41473	999999	41456	41456	41456	41448	41466	41466	41466	999999	41499	41499	41499	999999	41480	41480	41480	999999	41499	41499	41499	999999	41494	41494	41494	999999	41484	41484	41484	999999	41467	41467	41467	999999	41481
41461	41461	41461	41461	41460	41460	41460	41460	41489	41489	41489	41489	41495	41495	41495	41495	999999	999999	999999	0	41488	41488	41488	41488	41477	41477	41477	41477	41457	41457	41457	41457	41473	41473	41473	41473	41456	41456	41456	41456	41466	41466	41466	41466	41499	41499	41499	41499	41480	41480	41480	41480	41499	41499	41499	41499	41494	41494	41494	41494	41484	41484	41484	41484	41467	41467	41467	41467	41481
41461	41453	999999	999999	41460	41452	999999	999999	41489	41489	41489	41481	41495	41495	41495	41487	0	999999	999999	999999	41488	41488	41488	41480	41477	41477	41469	999999	41457	41449	999999	999999	41473	41473	41465	999999	41456	41448	999999	999999	41466	41466	41458	999999	41499	41499	41499	41491	41480	41480	41472	999999	41499	41499	41499	41491	41494	41494	41494	41486	41484	41484	41484	41476	41467	41467	41459	999999	41481
41486	41486	999999	999999	41470	41470	41470	41462	41443	41443	41435	999999	41452	41452	41444	999999	41488	41488	999999	999999	999999	0	999999	999999	41453	41453	41445	999999	41477	41477	41477	41469	41498	41498	999999	999999	41487	41487	999999	999999	41465	41465	41465	41457	41468	41468	41468	41460	41493	41493	999999	999999	41463	41463	41455	999999	41456	41456	41448	999999	41458	41458	41450	999999	41477	41477	41477	41469	41477
41486	41486	41486	999999	41470	41470	41470	999999	41443	41443	41443	41435	41452	41452	41452	41444	41488	41488	41488	999999	999999	999999	0	999999	41453	41453	41453	41445	41477	41477	41477	999999	41498	41498	41498	999999	41487	41487	41487	999999	41465	41465	41465	999999	41468	41468	41468	999999	41493	41493	41493	999999	41463	41463	41463	41455	41456	41456	41456	41448	41458	41458	41458	41450	41477	41477	41477	999999	41477
41486	41486	41486	41486	41470	41470	41470	41470	41443	41443	41443	41443	41452	41452	41452	41452	41488	41488	41488	41488	999999	999999	999999	0	41453	41453	41453	41453	41477	41477	41477	41477	41498	41498	41498	41498	41487	41487	41487	41487	41465	41465	41465	41465	41468	41468	41468	41468	41493	41493	41493	41493	41463	41463	41463	41463	41456	41456	41456	41456	41458	41458	41458	41458	41477	41477	41477	41477	41477
41486	41486	41486	41478	41470	41470	41462	999999	41443	41435	999999	999999	41452	41444	999999	999999	41488	41488	41488	41480	0	999999	999999	999999	41453	41445	999999	999999	41477	41477	41469	999999	41498	41498	41498	41490	41487	41487	41487	41479	41465	41465	41457	999999	41468	41468	41460	999999	41493	41493	41493	41485	41463	41455	999999	999999	41456	41448	999999	999999	41458	41450	999999	999999	41477	41477	41469	999999	41477
41476	41476	41476	41468	41459	41459	41451	999999	41454	41454	41446	999999	41461	41461	41453	999999	41477	41477	41477	41469	41453	41453	41445	999999	999999	0	999999	999999	41466	41466	41466	41458	41489	41489	999999	999999	41477	41477	41477	41469	41456	41456	41448	999999	41473	41473	41473	41465	41486	41486	999999	999999	41469	41469	41469	41461	41462	41462	41454	999999	41458	41458	41450	999999	41469	41469	41469	41461	41472
41476	41476	41476	999999	41459	41459	41459	41451	41454	41454	41454	41446	41461	41461	41461	41453	41477	41477	41477	999999	41453	41453	41453	41445	999999	999999	0	999999	41466	41466	41466	999999	41489	41489	41489	999999	41477	41477	41477	999999	41456	41456	41456	41448	41473	41473	41473	999999	41486	41486	41486	999999	41469	41469	41469	999999	41462	41462	41462	41454	41458	41458	41458	41450	41469	41469	41469	999999	41472
41476	41476	41476	41476	41459	41459	41459	41459	41454	41454	41454	41454	41461	41461	41461	41461	41477	41477	41477	41477	41453	41453	41453	41453	999999	999999	999999	0	41466	41466	41466	41466	41489	41489	41489	41489	41477	41477	41477	41477	41456	41456	41456	41456	41473	41473	41473	41473	41486	41486	41486	41486	41469	41469	41469	41469	41462	41462	41462	41462	41458	41458	41458	41458	41469	41469	41469	41469	41472
41476	41476	41468	999999	41459	41451	999999	999999	41454	41446	999999	999999	41461	41453	999999	999999	41477	41477	41469	999999	41453	41445	999999	999999	0	999999	999999	999999	41466	41466	41458	999999	41489	41489	41489	41481	41477	41477	41469	999999	41456	41448	999999	999999	41473	41473	41465	999999	41486	41486	41486	41478	41469	41469	41461	999999	41462	41454	999999	999999	41458	41450	999999	999999	41469	41469	41461	999999	41472
41470	41470	41470	41462	41449	41449	41441	999999	41477	41477	41477	41469	41486	41486	999999	999999	41457	41457	41449	999999	41477	41477	41477	41469	41466	41466	41466	41458	999999	0	999999	999999	41467	41467	41467	41459	41452	41452	41444	999999	41453	41453	41445	999999	41484	41484	41484	41476	41469	41469	41469	41461	41492	41492	999999	999999	41486	41486	999999	999999	41470	41470	41470	41462	41471	41471	41471	41463	41466
41470	41470	41470	999999	41449	41449	41449	41441	41477	41477	41477	999999	41486	41486	41486	999999	41457	41457	41457	41449	41477	41477	41477	999999	41466	41466	41466	999999	999999	999999	0	999999	41467	41467	41467	999999	41452	41452	41452	41444	41453	41453	41453	41445	41484	41484	41484	999999	41469	41469	41469	999999	41492	41492	41492	999999	41486	41486	41486	999999	41470	41470	41470	999999	41471	41471	41471	999999	41466
41470	41470	41470	41470	41449	41449	41449	41449	41477	41477	41477	41477	41486	41486	41486	41486	41457	41457	41457	41457	41477	41477	41477	41477	41466	41466	41466	41466	999999	999999	999999	0	41467	41467	41467	41467	41452	41452	41452	41452	41453	41453	41453	41453	41484	41484	41484	41484	41469	41469	41469	41469	41492	41492	41492	41492	41486	41486	41486	41486	41470	41470	41470	41470	41471	41471	41471	41471	41466
41470	41470	41462	999999	41449	41441	999999	999999	41477	41477	41469	999999	41486	41486	41486	41478	41457	41449	999999	999999	41477	41477	41469	999999	41466	41466	41458	999999	0	999999	999999	999999	41467	41467	41459	999999	41452	41444	999999	999999	41453	41445	999999	999999	41484	41484	41476	999999	41469	41469	41461	999999	41492	41492	41492	41484	41486	41486	41486	41478	41470	41470	41462	999999	41471	41471	41463	999999	41466
41491	41491	999999	999999	41474	41474	41474	41466	41498	41498	999999	999999	41508	41508	999999	999999	41473	41473	41473	41465	41498	41498	999999	999999	41489	41489	999999	999999	41467	41467	41467	41459	999999	0	999999	999999	41459	41459	41451	999999	41476	41476	41476	41468	41494	41494	999999	999999	41454	41454	41446	999999	41516	41516	999999	999999	41509	41509	999999	999999	41485	41485	999999	999999	41495	41495	999999	999999	41469
41491	41491	41491	999999	41474	41474	41474	999999	41498	41498	41498	999999	41508	41508	41508	999999	41473	41473	41473	999999	41498	41498	41498	999999	41489	41489	41489	999999	41467	41467	41467	999999	999999	999999	0	999999	41459	41459	41459	41451	41476	41476	41476	999999	41494	41494	41494	999999	41454	41454	41454	41446	41516	41516	41516	999999	41509	41509	41509	999999	41485	41485	41485	999999	41495	41495	41495	999999	41469
41491	41491	41491	41491	41474	41474	41474	41474	41498	41498	41498	41498	41508	41508	41508	41508	41473	41473	41473	41473	41498	41498	41498	41498	41489	41489	41489	41489	41467	41467	41467	41467	999999	999999	999999	0	41459	41459	41459	41459	41476	41476	41476	41476	41494	41494	41494	41494	41454	41454	41454	41454	41516	41516	41516	41516	41509	41509	41509	41509	41485	41485	41485	41485	41495	41495	41495	41495	41469
41491	41491	41491	41483	41474	41474	41466	999999	41498	41498	41498	41490	41508	999999	999999	999999	41473	41473	41465	999999	41498	41498	41498	41490	41489	41489	41489	41481	41467	41467	41459	999999	0	999999	999999	999999	41459	41451	999999	999999	41476	41476	41468	999999	41494	41494	41494	41486	41454	41446	999999	999999	41516	999999	999999	999999	41509	999999	999999	999999	41485	41485	41485	41477	41495	41495	41495	41487	41469
41474	41474	41474	41466	41460	41460	41452	999999	41488	41488	999999	999999	41496	41496	999999	999999	41456	41456	41448	999999	41487	41487	999999	999999	41477	41477	41477	41469	41452	41452	41444	999999	41459	41459	41451	999999	999999	0	999999	999999	41464	41464	41464	41456	41492	41492	999999	999999	41466	41466	41466	41458	41503	41503	999999	999999	41497	41497	999999	999999	41479	41479	41479	41471	41478	41478	41478	41470	41470
41474	41474	41474	999999	41460	41460	41460	41452	41488	41488	41488	999999	41496	41496	41496	999999	41456	41456	41456	41448	41487	41487	41487	999999	41477	41477	41477	999999	41452	41452	41452	41444	41459	41459	41459	41451	999999	999999	0	999999	41464	41464	41464	999999	41492	41492	41492	999999	41466	41466	41466	999999	41503	41503	41503	999999	41497	41497	41497	999999	41479	41479	41479	999999	41478	41478	41478	999999	41470
41474	41474	41474	41474	41460	41460	41460	41460	41488	41488	41488	41488	41496	41496	41496	41496	41456	41456	41456	41456	41487	41487	41487	41487	41477	41477	41477	41477	41452	41452	41452	41452	41459	41459	41459	41459	999999	999999	999999	0	41464	41464	41464	41464	41492	41492	41492	41492	41466	41466	41466	41466	41503	41503	41503	41503	41497	41497	41497	41497	41479	41479	41479	41479	41478	41478	41478	41478	41470
41474	41474	41466	999999	41460	41452	999999	999999	41488	41488	41488	41480	41496	41496	41496	41488	41456	41448	999999	999999	41487	41487	41487	41479	41477	41477	41469	999999	41452	41444	999999	999999	41459	41451	999999	999999	0	999999	999999	999999	41464	41464	41456	999999	41492	41492	41492	41484	41466	41466	41458	999999	41503	41503	41503	41495	41497	41497	41497	41489	41479	41479	41471	999999	41478	41478	41470	999999	41470
41473	41473	41473	41465	41448	41448	41440	999999	41466	41466	41466	41458	41475	41475	41475	41467	41466	41466	41466	41458	41465	41465	41465	41457	41456	41456	41448	999999	41453	41453	41445	999999	41476	41476	41476	41468	41464	41464	41464	41456	999999	0	999999	999999	41475	41475	41475	41467	41474	41474	41474	41466	41482	41482	41482	41474	41476	41476	41476	41468	41460	41460	41452	999999	41469	41469	41469	41461	41464
41473	41473	41473	999999	41448	41448	41448	41440	41466	41466	41466	999999	41475	41475	41475	999999	41466	41466	41466	999999	41465	41465	41465	999999	41456	41456	41456	41448	41453	41453	41453	41445	41476	41476	41476	999999	41464	41464	41464	999999	999999	999999	0	999999	41475	41475	41475	999999	41474	41474	41474	999999	41482	41482	41482	999999	41476	41476	41476	999999	41460	41460	41460	41452	41469	41469	41469	999999	41464
41473	41473	41473	41473	41448	41448	41448	41448	41466	41466	41466	41466	41475	41475	41475	41475	41466	41466	41466	41466	41465	41465	41465	41465	41456	41456	41456	41456	41453	41453	41453	41453	41476	41476	41476	41476	41464	41464	41464	41464	999999	999999	999999	0	41475	41475	41475	41475	41474	41474	41474	41474	41482	41482	41482	41482	41476	41476	41476	41476	41460	41460	41460	41460	41469	41469	41469	41469	41464
41473	41473	41465	999999	41448	41440	999999	999999	41466	41466	41458	999999	41475	41475	41467	999999	41466	41466	41458	999999	41465	41465	41457	999999	41456	41448	999999	999999	41453	41445	999999	999999	41476	41476	41468	999999	41464	41464	41456	999999	0	999999	999999	999999	41475	41475	41467	999999	41474	41474	41466	999999	41482	41482	41474	999999	41476	41476	41468	999999	41460	41452	999999	999999	41469	41469	41461	999999	41464
41505	41505	999999	999999	41481	41481	41481	41473	41467	41467	41467	41459	41476	41476	41476	41468	41499	41499	999999	999999	41468	41468	41468	41460	41473	41473	41473	41465	41484	41484	41484	41476	41494	41494	999999	999999	41492	41492	999999	999999	41475	41475	41475	41467	999999	0	999999	999999	41484	41484	41484	41476	41487	41487	999999	999999	41481	41481	41481	41473	41457	41457	41449	999999	41499	41499	999999	999999	41467
41505	41505	41505	999999	41481	41481	41481	999999	41467	41467	41467	999999	41476	41476	41476	999999	41499	41499	41499	999999	41468	41468	41468	999999	41473	41473	41473	999999	41484	41484	41484	999999	41494	41494	41494	999999	41492	41492	41492	999999	41475	41475	41475	999999	999999	999999	0	999999	41484	41484	41484	999999	41487	41487	41487	999999	41481	41481	41481	999999	41457	41457	41457	41449	41499	41499	41499	999999	41467
41505	41505	41505	41505	41481	41481	41481	41481	41467	41467	41467	41467	41476	41476	41476	41476	41499	41499	41499	41499	41468	41468	41468	41468	41473	41473	41473	41473	41484	41484	41484	41484	41494	41494	41494	41494	41492	41492	41492	41492	41475	41475	41475	41475	999999	999999	999999	0	41484	41484	41484	41484	41487	41487	41487	41487	41481	41481	41481	41481	41457	41457	41457	41457	41499	41499	41499	41499	41467
41505	999999	999999	999999	41481	41481	41473	999999	41467	41467	41459	999999	41476	41476	41468	999999	41499	41499	41499	41491	41468	41468	41460	999999	41473	41473	41465	999999	41484	41484	41476	999999	41494	41494	41494	41486	41492	41492	41492	41484	41475	41475	41467	999999	0	999999	999999	999999	41484	41484	41476	999999	41487	41487	41487	41479	41481	41481	41473	999999	41457	41449	999999	999999	41499	41499	41499	41491	41467
41497	41497	999999	999999	41475	41475	41475	41467	41493	41493	999999	999999	41503	41503	999999	999999	41480	41480	41480	41472	41493	41493	999999	999999	41486	41486	999999	999999	41469	41469	41469	41461	41454	41454	41446	999999	41466	41466	41466	41458	41474	41474	41474	41466	41484	41484	41484	41476	999999	0	999999	999999	41513	41513	999999	999999	41505	41505	999999	999999	41478	41478	41478	41470	41498	41498	999999	999999	41459
41497	41497	41497	999999	41475	41475	41475	999999	41493	41493	41493	999999	41503	41503	41503	999999	41480	41480	41480	999999	41493	41493	41493	999999	41486	41486	41486	999999	41469	41469	41469	999999	41454	41454	41454	41446	41466	41466	41466	999999	41474	41474	41474	999999	41484	41484	41484	999999	999999	999999	0	999999	41513	41513	41513	999999	41505	41505	41505	999999	41478	41478	41478	999999	41498	41498	41498	999999	41459
41497	41497	41497	41497	41475	41475	41475	41475	41493	41493	41493	41493	41503	41503	41503	41503	41480	41480	41480	41480	41493	41493	41493	41493	41486	41486	41486	41486	41469	41469	41469	41469	41454	41454	41454	41454	41466	41466	41466	41466	41474	41474	41474	41474	41484	41484	41484	41484	999999	999999	999999	0	41513	41513	41513	41513	41505	41505	41505	41505	41478	41478	41478	41478	41498	41498	41498	41498	41459
41497	41497	41497	41489	41475	41475	41467	999999	41493	41493	41493	41485	41503	41503	41503	41495	41480	41480	41472	999999	41493	41493	41493	41485	41486	41486	41486	41478	41469	41469	41461	999999	41454	41446	999999	999999	41466	41466	41458	999999	41474	41474	41466	999999	41484	41484	41476	999999	0	999999	999999	999999	41513	999999	999999	999999	41505	999999	999999	999999	41478	41478	41470	999999	41498	41498	41498	41490	41459
41491	41491	999999	999999	41485	41485	999999	999999	41463	41463	41463	41455	41453	41453	41445	999999	41499	41499	999999	999999	41463	41463	41455	999999	41469	41469	41469	41461	41492	41492	999999	999999	41516	41516	999999	999999	41503	41503	999999	999999	41482	41482	41482	41474	41487	41487	999999	999999	41513	41513	999999	999999	999999	0	999999	999999	41449	41449	41441	999999	41479	41479	41479	41471	41480	41480	41480	41472	41497
41491	41491	41491	999999	41485	41485	41485	999999	41463	41463	41463	999999	41453	41453	41453	41445	41499	41499	41499	999999	41463	41463	41463	41455	41469	41469	41469	999999	41492	41492	41492	999999	41516	41516	41516	999999	41503	41503	41503	999999	41482	41482	41482	999999	41487	41487	41487	999999	41513	41513	41513	999999	999999	999999	0	999999	41449	41449	41449	41441	41479	41479	41479	999999	41480	41480	41480	999999	41497
41491	41491	41491	41491	41485	41485	41485	41485	41463	41463	41463	41463	41453	41453	41453	41453	41499	41499	41499	41499	41463	41463	41463	41463	41469	41469	41469	41469	41492	41492	41492	41492	41516	41516	41516	41516	41503	41503	41503	41503	41482	41482	41482	41482	41487	41487	41487	41487	41513	41513	41513	41513	999999	999999	999999	0	41449	41449	41449	41449	41479	41479	41479	41479	41480	41480	41480	41480	41497
41491	41491	41491	41483	41485	41485	41485	41477	41463	41463	41455	999999	41453	41445	999999	999999	41499	41499	41499	41491	41463	41455	999999	999999	41469	41469	41461	999999	41492	41492	41492	41484	41516	999999	999999	999999	41503	41503	41503	41495	41482	41482	41474	999999	41487	41487	41487	41479	41513	999999	999999	999999	0	999999	999999	999999	41449	41441	999999	999999	41479	41479	41471	999999	41480	41480	41472	999999	41497
41487	41487	999999	999999	41478	41478	41478	41470	41456	41456	41448	999999	41447	41447	41439	999999	41494	41494	999999	999999	41456	41456	41448	999999	41462	41462	41454	999999	41486	41486	999999	999999	41509	41509	999999	999999	41497	41497	999999	999999	41476	41476	41476	41468	41481	41481	41481	41473	41505	41505	999999	999999	41449	41449	41441	999999	999999	0	999999	999999	41472	41472	41472	41464	41477	41477	41477	41469	41490
41487	41487	41487	999999	41478	41478	41478	999999	41456	41456	41456	41448	41447	41447	41447	41439	41494	41494	41494	999999	41456	41456	41456	41448	41462	41462	41462	41454	41486	41486	41486	999999	41509	41509	41509	999999	41497	41497	41497	999999	41476	41476	41476	999999	41481	41481	41481	999999	41505	41505	41505	999999	41449	41449	41449	41441	999999	999999	0	999999	41472	41472	41472	999999	41477	41477	41477	999999	41490
41487	41487	41487	41487	41478	41478	41478	41478	41456	41456	41456	41456	41447	41447	41447	41447	41494	41494	41494	41494	41456	41456	41456	41456	41462	41462	41462	41462	41486	41486	41486	41486	41509	41509	41509	41509	41497	41497	41497	41497	41476	41476	41476	41476	41481	41481	41481	41481	41505	41505	41505	41505	41449	41449	41449	41449	999999	999999	999999	0	41472	41472	41472	41472	41477	41477	41477	41477	41490
41487	41487	41487	41479	41478	41478	41470	999999	41456	41448	999999	999999	41447	41439	999999	999999	41494	41494	41494	41486	41456	41448	999999	999999	41462	41454	999999	999999	41486	41486	41486	41478	41509	999999	999999	999999	41497	41497	41497	41489	41476	41476	41468	999999	41481	41481	41473	999999	41505	999999	999999	999999	41449	41441	999999	999999	0	999999	999999	999999	41472	41472	41464	999999	41477	41477	41469	999999	41490
41490	41490	999999	999999	41466	41466	41466	41458	41458	41458	41450	999999	41469	41469	41469	41461	41484	41484	999999	999999	41458	41458	41450	999999	41458	41458	41450	999999	41470	41470	41470	41462	41485	41485	999999	999999	41479	41479	41479	41471	41460	41460	41452	999999	41457	41457	41449	999999	41478	41478	41478	41470	41479	41479	41479	41471	41472	41472	41472	41464	999999	0	999999	999999	41484	41484	41484	41476	41461
41490	41490	41490	999999	41466	41466	41466	999999	41458	41458	41458	41450	41469	41469	41469	999999	41484	41484	41484	999999	41458	41458	41458	41450	41458	41458	41458	41450	41470	41470	41470	999999	41485	41485	41485	999999	41479	41479	41479	999999	41460	41460	41460	41452	41457	41457	41457	41449	41478	41478	41478	999999	41479	41479	41479	999999	41472	41472	41472	999999	999999	999999	0	999999	41484	41484	41484	999999	41461
41490	41490	41490	41490	41466	41466	41466	41466	41458	41458	41458	41458	41469	41469	41469	41469	41484	41484	41484	41484	41458	41458	41458	41458	41458	41458	41458	41458	41470	41470	41470	41470	41485	41485	41485	41485	41479	41479	41479	41479	41460	41460	41460	41460	41457	41457	41457	41457	41478	41478	41478	41478	41479	41479	41479	41479	41472	41472	41472	41472	999999	999999	999999	0	41484	41484	41484	41484	41461
41490	41490	41490	41482	41466	41466	41458	999999	41458	41450	999999	999999	41469	41469	41461	999999	41484	41484	41484	41476	41458	41450	999999	999999	41458	41450	999999	999999	41470	41470	41462	999999	41485	41485	41485	41477	41479	41479	41471	999999	41460	41452	999999	999999	41457	41449	999999	999999	41478	41478	41470	999999	41479	41479	41471	999999	41472	41472	41464	999999	0	999999	999999	999999	41484	41484	41476	999999	41461
41453	41453	41445	999999	41466	41466	41466	41458	41479	41479	41479	41471	41480	41480	41480	41472	41467	41467	41467	41459	41477	41477	41477	41469	41469	41469	41469	41461	41471	41471	41471	41463	41495	41495	999999	999999	41478	41478	41478	41470	41469	41469	41469	41461	41499	41499	999999	999999	41498	41498	999999	999999	41480	41480	41480	41472	41477	41477	41477	41469	41484	41484	41484	41476	999999	0	999999	999999	41491
41453	41453	41453	41445	41466	41466	41466	999999	41479	41479	41479	999999	41480	41480	41480	999999	41467	41467	41467	999999	41477	41477	41477	999999	41469	41469	41469	999999	41471	41471	41471	999999	41495	41495	41495	999999	41478	41478	41478	999999	41469	41469	41469	999999	41499	41499	41499	999999	41498	41498	41498	999999	41480	41480	41480	999999	41477	41477	41477	999999	41484	41484	41484	999999	999999	999999	0	999999	41491
41453	41453	41453	41453	41466	41466	41466	41466	41479	41479	41479	41479	41480	41480	41480	41480	41467	41467	41467	41467	41477	41477	41477	41477	41469	41469	41469	41469	41471	41471	41471	41471	41495	41495	41495	41495	41478	41478	41478	41478	41469	41469	41469	41469	41499	41499	41499	41499	41498	41498	41498	41498	41480	41480	41480	41480	41477	41477	41477	41477	41484	41484	41484	41484	999999	999999	999999	0	41491
41453	41445	999999	999999	41466	41466	41458	999999	41479	41479	41471	999999	41480	41480	41472	999999	41467	41467	41459	999999	41477	41477	41469	999999	41469	41469	41461	999999	41471	41471	41463	999999	41495	41495	41495	41487	41478	41478	41470	999999	41469	41469	41461	999999	41499	41499	41499	41491	41498	41498	41498	41490	41480	41480	41472	999999	41477	41477	41469	999999	41484	41484	41476	999999	0	999999	999999	999999	41491
41493	41493	999999	999999	41468	41468	41468	41460	41477	41477	41477	41469	41487	41487	999999	999999	41481	41481	41481	41473	41477	41477	41477	41469	41472	41472	41472	41464	41466	41466	41466	41458	41469	41469	41469	41461	41470	41470	41470	41462	41464	41464	41464	41456	41467	41467	41467	41459	41459	41459	41451	999999	41497	41497	999999	999999	41490	41490	999999	999999	41461	41461	41453	999999	41491	41491	999999	999999	999999
GTSP_SET_SECTION:
1 1 2 3 4 -1
2 5 6 7 8 -1
3 9 10 11 12 -1
4 13 14 15 16 -1
5 17 18 19 20 -1
6 21 22 23 24 -1
7 25 26 27 28 -1
8 29 30 31 32 -1
9 33 34 35 36 -1
10 37 38 39 40 -1
11 41 42 43 44 -1
12 45 46 47 48 -1
13 49 50 51 52 -1
14 53 54 55 56 -1
15 57 58 59 60 -1
16 61 62 63 64 -1
17 65 66 67 68 -1
18 69 70 71 72-1
19 73 -1
EOF