NAME:  test1
TYPE: AGTSP
COMMENT: gtsp tours
DIMENSION:  49
GTSP_SETS: 13
EDGE_WEIGHT_TYPE: EXPLICIT
EDGE_WEIGHT_FORMAT: FULL_MATRIX 
EDGE_WEIGHT_SECTION
999999	0	999999	999999	19685	19685	19685	19677	19694	19694	19694	19686	19692	19692	19692	19684	19702	19702	19702	19694	19699	19699	19699	19691	19704	19704	19704	19696	19682	19682	19674	999999	19676	19676	19668	999999	19682	19682	19674	999999	19714	19714	999999	999999	19718
999999	999999	0	999999	19685	19685	19685	999999	19694	19694	19694	999999	19692	19692	19692	999999	19702	19702	19702	999999	19699	19699	19699	999999	19704	19704	19704	999999	19682	19682	19682	19674	19676	19676	19676	19668	19682	19682	19682	19674	19714	19714	19714	999999	19718
999999	999999	999999	0	19685	19685	19685	19685	19694	19694	19694	19694	19692	19692	19692	19692	19702	19702	19702	19702	19699	19699	19699	19699	19704	19704	19704	19704	19682	19682	19682	19682	19676	19676	19676	19676	19682	19682	19682	19682	19714	19714	19714	19714	19718
0	999999	999999	999999	19685	19685	19677	999999	19694	19694	19686	999999	19692	19692	19684	999999	19702	19702	19694	999999	19699	19699	19691	999999	19704	19704	19696	999999	19682	19674	999999	999999	19676	19668	999999	999999	19682	19674	999999	999999	19714	19714	19714	19706	19718
19685	19685	19685	19677	999999	0	999999	999999	19679	19679	19671	999999	19686	19686	19686	19678	19683	19683	19675	999999	19677	19677	19669	999999	19683	19683	19675	999999	19690	19690	19690	19682	19689	19689	19689	19681	19667	19667	19659	999999	19701	19701	19701	19693	19696
19685	19685	19685	999999	999999	999999	0	999999	19679	19679	19679	19671	19686	19686	19686	999999	19683	19683	19683	19675	19677	19677	19677	19669	19683	19683	19683	19675	19690	19690	19690	999999	19689	19689	19689	999999	19667	19667	19667	19659	19701	19701	19701	999999	19696
19685	19685	19685	19685	999999	999999	999999	0	19679	19679	19679	19679	19686	19686	19686	19686	19683	19683	19683	19683	19677	19677	19677	19677	19683	19683	19683	19683	19690	19690	19690	19690	19689	19689	19689	19689	19667	19667	19667	19667	19701	19701	19701	19701	19696
19685	19685	19677	999999	0	999999	999999	999999	19679	19671	999999	999999	19686	19686	19678	999999	19683	19675	999999	999999	19677	19669	999999	999999	19683	19675	999999	999999	19690	19690	19682	999999	19689	19689	19681	999999	19667	19659	999999	999999	19701	19701	19693	999999	19696
19694	19694	19694	19686	19679	19679	19671	999999	999999	0	999999	999999	19702	19702	19702	19694	19694	19694	19694	19686	19677	19677	19669	999999	19692	19692	19692	19684	19688	19688	19688	19680	19702	19702	19702	19694	19678	19678	19670	999999	19715	19715	999999	999999	19691
19694	19694	19694	999999	19679	19679	19679	19671	999999	999999	0	999999	19702	19702	19702	999999	19694	19694	19694	999999	19677	19677	19677	19669	19692	19692	19692	999999	19688	19688	19688	999999	19702	19702	19702	999999	19678	19678	19678	19670	19715	19715	19715	999999	19691
19694	19694	19694	19694	19679	19679	19679	19679	999999	999999	999999	0	19702	19702	19702	19702	19694	19694	19694	19694	19677	19677	19677	19677	19692	19692	19692	19692	19688	19688	19688	19688	19702	19702	19702	19702	19678	19678	19678	19678	19715	19715	19715	19715	19691
19694	19694	19686	999999	19679	19671	999999	999999	0	999999	999999	999999	19702	19702	19694	999999	19694	19694	19686	999999	19677	19669	999999	999999	19692	19692	19684	999999	19688	19688	19680	999999	19702	19702	19694	999999	19678	19670	999999	999999	19715	19715	19715	19707	19691
19692	19692	19692	19684	19686	19686	19686	19678	19702	19702	19702	19694	999999	0	999999	999999	19683	19683	19675	999999	19696	19696	19696	19688	19688	19688	19688	19680	19708	19708	999999	999999	19683	19683	19675	999999	19688	19688	19688	19680	19686	19686	19686	19678	19711
19692	19692	19692	999999	19686	19686	19686	999999	19702	19702	19702	999999	999999	999999	0	999999	19683	19683	19683	19675	19696	19696	19696	999999	19688	19688	19688	999999	19708	19708	19708	999999	19683	19683	19683	19675	19688	19688	19688	999999	19686	19686	19686	999999	19711
19692	19692	19692	19692	19686	19686	19686	19686	19702	19702	19702	19702	999999	999999	999999	0	19683	19683	19683	19683	19696	19696	19696	19696	19688	19688	19688	19688	19708	19708	19708	19708	19683	19683	19683	19683	19688	19688	19688	19688	19686	19686	19686	19686	19711
19692	19692	19684	999999	19686	19686	19678	999999	19702	19702	19694	999999	0	999999	999999	999999	19683	19675	999999	999999	19696	19696	19688	999999	19688	19688	19680	999999	19708	19708	19708	19700	19683	19675	999999	999999	19688	19688	19680	999999	19686	19686	19678	999999	19711
19702	19702	19702	19694	19683	19683	19675	999999	19694	19694	19694	19686	19683	19683	19675	999999	999999	0	999999	999999	19682	19682	19674	999999	19668	19668	19660	999999	19710	19710	999999	999999	19699	19699	19699	19691	19687	19687	19687	19679	19684	19684	19676	999999	19692
19702	19702	19702	999999	19683	19683	19683	19675	19694	19694	19694	999999	19683	19683	19683	19675	999999	999999	0	999999	19682	19682	19682	19674	19668	19668	19668	19660	19710	19710	19710	999999	19699	19699	19699	999999	19687	19687	19687	999999	19684	19684	19684	19676	19692
19702	19702	19702	19702	19683	19683	19683	19683	19694	19694	19694	19694	19683	19683	19683	19683	999999	999999	999999	0	19682	19682	19682	19682	19668	19668	19668	19668	19710	19710	19710	19710	19699	19699	19699	19699	19687	19687	19687	19687	19684	19684	19684	19684	19692
19702	19702	19694	999999	19683	19675	999999	999999	19694	19694	19686	999999	19683	19675	999999	999999	0	999999	999999	999999	19682	19674	999999	999999	19668	19660	999999	999999	19710	19710	19710	19702	19699	19699	19691	999999	19687	19687	19679	999999	19684	19676	999999	999999	19692
19699	19699	19699	19691	19677	19677	19669	999999	19677	19677	19669	999999	19696	19696	19696	19688	19682	19682	19674	999999	999999	0	999999	999999	19679	19679	19671	999999	19699	19699	19699	19691	19703	19703	19703	19695	19680	19680	19672	999999	19703	19703	19703	19695	19682
19699	19699	19699	999999	19677	19677	19677	19669	19677	19677	19677	19669	19696	19696	19696	999999	19682	19682	19682	19674	999999	999999	0	999999	19679	19679	19679	19671	19699	19699	19699	999999	19703	19703	19703	999999	19680	19680	19680	19672	19703	19703	19703	999999	19682
19699	19699	19699	19699	19677	19677	19677	19677	19677	19677	19677	19677	19696	19696	19696	19696	19682	19682	19682	19682	999999	999999	999999	0	19679	19679	19679	19679	19699	19699	19699	19699	19703	19703	19703	19703	19680	19680	19680	19680	19703	19703	19703	19703	19682
19699	19699	19691	999999	19677	19669	999999	999999	19677	19669	999999	999999	19696	19696	19688	999999	19682	19674	999999	999999	0	999999	999999	999999	19679	19671	999999	999999	19699	19699	19691	999999	19703	19703	19695	999999	19680	19672	999999	999999	19703	19703	19695	999999	19682
19704	19704	19704	19696	19683	19683	19675	999999	19692	19692	19692	19684	19688	19688	19688	19680	19668	19668	19660	999999	19679	19679	19671	999999	999999	0	999999	999999	19710	19710	999999	999999	19702	19702	19702	19694	19688	19688	19688	19680	19688	19688	19688	19680	19687
19704	19704	19704	999999	19683	19683	19683	19675	19692	19692	19692	999999	19688	19688	19688	999999	19668	19668	19668	19660	19679	19679	19679	19671	999999	999999	0	999999	19710	19710	19710	999999	19702	19702	19702	999999	19688	19688	19688	999999	19688	19688	19688	999999	19687
19704	19704	19704	19704	19683	19683	19683	19683	19692	19692	19692	19692	19688	19688	19688	19688	19668	19668	19668	19668	19679	19679	19679	19679	999999	999999	999999	0	19710	19710	19710	19710	19702	19702	19702	19702	19688	19688	19688	19688	19688	19688	19688	19688	19687
19704	19704	19696	999999	19683	19675	999999	999999	19692	19692	19684	999999	19688	19688	19680	999999	19668	19660	999999	999999	19679	19671	999999	999999	0	999999	999999	999999	19710	19710	19710	19702	19702	19702	19694	999999	19688	19688	19680	999999	19688	19688	19680	999999	19687
19682	19682	19674	999999	19690	19690	19690	19682	19688	19688	19688	19680	19708	19708	999999	999999	19710	19710	999999	999999	19699	19699	19699	19691	19710	19710	999999	999999	999999	0	999999	999999	19695	19695	19695	19687	19686	19686	19686	19678	19727	19727	999999	999999	19716
19682	19682	19682	19674	19690	19690	19690	999999	19688	19688	19688	999999	19708	19708	19708	999999	19710	19710	19710	999999	19699	19699	19699	999999	19710	19710	19710	999999	999999	999999	0	999999	19695	19695	19695	999999	19686	19686	19686	999999	19727	19727	19727	999999	19716
19682	19682	19682	19682	19690	19690	19690	19690	19688	19688	19688	19688	19708	19708	19708	19708	19710	19710	19710	19710	19699	19699	19699	19699	19710	19710	19710	19710	999999	999999	999999	0	19695	19695	19695	19695	19686	19686	19686	19686	19727	19727	19727	19727	19716
19682	19674	999999	999999	19690	19690	19682	999999	19688	19688	19680	999999	19708	19708	19708	19700	19710	19710	19710	19702	19699	19699	19691	999999	19710	19710	19710	19702	0	999999	999999	999999	19695	19695	19687	999999	19686	19686	19678	999999	19727	999999	999999	999999	19716
19676	19676	19668	999999	19689	19689	19689	19681	19702	19702	19702	19694	19683	19683	19675	999999	19699	19699	19699	19691	19703	19703	19703	19695	19702	19702	19702	19694	19695	19695	19695	19687	999999	0	999999	999999	19687	19687	19687	19679	19706	19706	999999	999999	19721
19676	19676	19676	19668	19689	19689	19689	999999	19702	19702	19702	999999	19683	19683	19683	19675	19699	19699	19699	999999	19703	19703	19703	999999	19702	19702	19702	999999	19695	19695	19695	999999	999999	999999	0	999999	19687	19687	19687	999999	19706	19706	19706	999999	19721
19676	19676	19676	19676	19689	19689	19689	19689	19702	19702	19702	19702	19683	19683	19683	19683	19699	19699	19699	19699	19703	19703	19703	19703	19702	19702	19702	19702	19695	19695	19695	19695	999999	999999	999999	0	19687	19687	19687	19687	19706	19706	19706	19706	19721
19676	19668	999999	999999	19689	19689	19681	999999	19702	19702	19694	999999	19683	19675	999999	999999	19699	19699	19691	999999	19703	19703	19695	999999	19702	19702	19694	999999	19695	19695	19687	999999	0	999999	999999	999999	19687	19687	19679	999999	19706	19706	19706	19698	19721
19682	19682	19674	999999	19667	19667	19659	999999	19678	19678	19670	999999	19688	19688	19688	19680	19687	19687	19687	19679	19680	19680	19672	999999	19688	19688	19688	19680	19686	19686	19686	19678	19687	19687	19687	19679	999999	0	999999	999999	19705	19705	19705	19697	19699
19682	19682	19682	19674	19667	19667	19667	19659	19678	19678	19678	19670	19688	19688	19688	999999	19687	19687	19687	999999	19680	19680	19680	19672	19688	19688	19688	999999	19686	19686	19686	999999	19687	19687	19687	999999	999999	999999	0	999999	19705	19705	19705	999999	19699
19682	19682	19682	19682	19667	19667	19667	19667	19678	19678	19678	19678	19688	19688	19688	19688	19687	19687	19687	19687	19680	19680	19680	19680	19688	19688	19688	19688	19686	19686	19686	19686	19687	19687	19687	19687	999999	999999	999999	0	19705	19705	19705	19705	19699
19682	19674	999999	999999	19667	19659	999999	999999	19678	19670	999999	999999	19688	19688	19680	999999	19687	19687	19679	999999	19680	19672	999999	999999	19688	19688	19680	999999	19686	19686	19678	999999	19687	19687	19679	999999	0	999999	999999	999999	19705	19705	19697	999999	19699
19714	19714	999999	999999	19701	19701	19701	19693	19715	19715	999999	999999	19686	19686	19686	19678	19684	19684	19676	999999	19703	19703	19703	19695	19688	19688	19688	19680	19727	19727	999999	999999	19706	19706	999999	999999	19705	19705	19705	19697	999999	0	999999	999999	19710
19714	19714	19714	999999	19701	19701	19701	999999	19715	19715	19715	999999	19686	19686	19686	999999	19684	19684	19684	19676	19703	19703	19703	999999	19688	19688	19688	999999	19727	19727	19727	999999	19706	19706	19706	999999	19705	19705	19705	999999	999999	999999	0	999999	19710
19714	19714	19714	19714	19701	19701	19701	19701	19715	19715	19715	19715	19686	19686	19686	19686	19684	19684	19684	19684	19703	19703	19703	19703	19688	19688	19688	19688	19727	19727	19727	19727	19706	19706	19706	19706	19705	19705	19705	19705	999999	999999	999999	0	19710
19714	19714	19714	19706	19701	19701	19693	999999	19715	19715	19715	19707	19686	19686	19678	999999	19684	19676	999999	999999	19703	19703	19695	999999	19688	19688	19680	999999	19727	999999	999999	999999	19706	19706	19706	19698	19705	19705	19697	999999	0	999999	999999	999999	19710
19718	19718	999999	999999	19696	19696	19696	19688	19691	19691	19691	19683	19711	19711	999999	999999	19692	19692	19692	19684	19682	19682	19674	999999	19687	19687	19687	19679	19716	19716	999999	999999	19721	19721	999999	999999	19699	19699	19699	19691	19710	19710	999999	999999	999999
GTSP_SET_SECTION:
1 1 2 3 4 -1
2 5 6 7 8 -1
3 9 10 11 12 -1
4 13 14 15 16 -1
5 17 18 19 20 -1
6 21 22 23 24 -1
7 25 26 27 28 -1
8 29 30 31 32 -1
9 33 34 35 36 -1
10 37 38 39 40 -1
11 41 42 43 44 -1
12 45 46 47 48 -1
13 49 -1
EOF