NAME:  test1
TYPE: AGTSP
COMMENT: gtsp tours
DIMENSION:  49
GTSP_SETS: 13
EDGE_WEIGHT_TYPE: EXPLICIT
EDGE_WEIGHT_FORMAT: FULL_MATRIX 
EDGE_WEIGHT_SECTION
999999	0	999999	999999	17311	17311	17303	999999	17349	17349	999999	999999	17325	17325	17325	17317	17319	17319	17319	17311	17338	17338	999999	999999	17334	17334	17334	17326	17314	17314	17314	17306	17332	17332	17332	17324	17315	17315	17315	17307	17308	17308	17300	999999	17317	17317	17317	17309	0
999999	999999	0	999999	17311	17311	17311	17303	17349	17349	17349	999999	17325	17325	17325	999999	17319	17319	17319	999999	17338	17338	17338	999999	17334	17334	17334	999999	17314	17314	17314	999999	17332	17332	17332	999999	17315	17315	17315	999999	17308	17308	17308	17300	17317	17317	17317	999999	0
999999	999999	999999	0	17311	17311	17311	17311	17349	17349	17349	17349	17325	17325	17325	17325	17319	17319	17319	17319	17338	17338	17338	17338	17334	17334	17334	17334	17314	17314	17314	17314	17332	17332	17332	17332	17315	17315	17315	17315	17308	17308	17308	17308	17317	17317	17317	17317	0
0	999999	999999	999999	17311	17303	999999	999999	17349	17349	17349	17341	17325	17325	17317	999999	17319	17319	17311	999999	17338	17338	17338	17330	17334	17334	17326	999999	17314	17314	17306	999999	17332	17332	17324	999999	17315	17315	17307	999999	17308	17300	999999	999999	17317	17317	17309	999999	0
17311	17311	17303	999999	999999	0	999999	999999	17345	17345	999999	999999	17320	17320	17320	17312	17331	17331	17331	17323	17338	17338	999999	999999	17323	17323	17323	17315	17315	17315	17315	17307	17345	17345	999999	999999	17324	17324	17324	17316	17298	17298	17290	999999	17326	17326	17326	17318	0
17311	17311	17311	17303	999999	999999	0	999999	17345	17345	17345	999999	17320	17320	17320	999999	17331	17331	17331	999999	17338	17338	17338	999999	17323	17323	17323	999999	17315	17315	17315	999999	17345	17345	17345	999999	17324	17324	17324	999999	17298	17298	17298	17290	17326	17326	17326	999999	0
17311	17311	17311	17311	999999	999999	999999	0	17345	17345	17345	17345	17320	17320	17320	17320	17331	17331	17331	17331	17338	17338	17338	17338	17323	17323	17323	17323	17315	17315	17315	17315	17345	17345	17345	17345	17324	17324	17324	17324	17298	17298	17298	17298	17326	17326	17326	17326	0
17311	17303	999999	999999	0	999999	999999	999999	17345	17345	17345	17337	17320	17320	17312	999999	17331	17331	17323	999999	17338	17338	17338	17330	17323	17323	17315	999999	17315	17315	17307	999999	17345	17345	17345	17337	17324	17324	17316	999999	17298	17290	999999	999999	17326	17326	17318	999999	0
17349	17349	999999	999999	17345	17345	999999	999999	999999	0	999999	999999	17318	17318	17318	17310	17337	17337	999999	999999	17310	17310	17302	999999	17317	17317	17317	17309	17328	17328	17328	17320	17345	17345	999999	999999	17333	17333	17333	17325	17341	17341	999999	999999	17334	17334	17334	17326	0
17349	17349	17349	999999	17345	17345	17345	999999	999999	999999	0	999999	17318	17318	17318	999999	17337	17337	17337	999999	17310	17310	17310	17302	17317	17317	17317	999999	17328	17328	17328	999999	17345	17345	17345	999999	17333	17333	17333	999999	17341	17341	17341	999999	17334	17334	17334	999999	0
17349	17349	17349	17349	17345	17345	17345	17345	999999	999999	999999	0	17318	17318	17318	17318	17337	17337	17337	17337	17310	17310	17310	17310	17317	17317	17317	17317	17328	17328	17328	17328	17345	17345	17345	17345	17333	17333	17333	17333	17341	17341	17341	17341	17334	17334	17334	17334	0
17349	17349	17349	17341	17345	17345	17345	17337	0	999999	999999	999999	17318	17318	17310	999999	17337	17337	17337	17329	17310	17302	999999	999999	17317	17317	17309	999999	17328	17328	17320	999999	17345	17345	17345	17337	17333	17333	17325	999999	17341	17341	17341	17333	17334	17334	17326	999999	0
17325	17325	17325	17317	17320	17320	17320	17312	17318	17318	17318	17310	999999	0	999999	999999	17322	17322	17322	17314	17312	17312	17304	999999	17305	17305	17297	999999	17305	17305	17297	999999	17335	17335	17335	17327	17314	17314	17306	999999	17316	17316	17316	17308	17316	17316	17316	17308	0
17325	17325	17325	999999	17320	17320	17320	999999	17318	17318	17318	999999	999999	999999	0	999999	17322	17322	17322	999999	17312	17312	17312	17304	17305	17305	17305	17297	17305	17305	17305	17297	17335	17335	17335	999999	17314	17314	17314	17306	17316	17316	17316	999999	17316	17316	17316	999999	0
17325	17325	17325	17325	17320	17320	17320	17320	17318	17318	17318	17318	999999	999999	999999	0	17322	17322	17322	17322	17312	17312	17312	17312	17305	17305	17305	17305	17305	17305	17305	17305	17335	17335	17335	17335	17314	17314	17314	17314	17316	17316	17316	17316	17316	17316	17316	17316	0
17325	17325	17317	999999	17320	17320	17312	999999	17318	17318	17310	999999	0	999999	999999	999999	17322	17322	17314	999999	17312	17304	999999	999999	17305	17297	999999	999999	17305	17297	999999	999999	17335	17335	17327	999999	17314	17306	999999	999999	17316	17316	17308	999999	17316	17316	17308	999999	0
17319	17319	17319	17311	17331	17331	17331	17323	17337	17337	999999	999999	17322	17322	17322	17314	999999	0	999999	999999	17321	17321	17321	17313	17334	17334	17334	17326	17313	17313	17305	999999	17308	17308	17300	999999	17301	17301	17293	999999	17325	17325	17325	17317	17298	17298	17290	999999	0
17319	17319	17319	999999	17331	17331	17331	999999	17337	17337	17337	999999	17322	17322	17322	999999	999999	999999	0	999999	17321	17321	17321	999999	17334	17334	17334	999999	17313	17313	17313	17305	17308	17308	17308	17300	17301	17301	17301	17293	17325	17325	17325	999999	17298	17298	17298	17290	0
17319	17319	17319	17319	17331	17331	17331	17331	17337	17337	17337	17337	17322	17322	17322	17322	999999	999999	999999	0	17321	17321	17321	17321	17334	17334	17334	17334	17313	17313	17313	17313	17308	17308	17308	17308	17301	17301	17301	17301	17325	17325	17325	17325	17298	17298	17298	17298	0
17319	17319	17311	999999	17331	17331	17323	999999	17337	17337	17337	17329	17322	17322	17314	999999	0	999999	999999	999999	17321	17321	17313	999999	17334	17334	17326	999999	17313	17305	999999	999999	17308	17300	999999	999999	17301	17293	999999	999999	17325	17325	17317	999999	17298	17290	999999	999999	0
17338	17338	999999	999999	17338	17338	999999	999999	17310	17310	17302	999999	17312	17312	17304	999999	17321	17321	17321	17313	999999	0	999999	999999	17320	17320	17320	17312	17317	17317	17317	17309	17328	17328	17328	17320	17318	17318	17318	17310	17334	17334	17334	17326	17318	17318	17318	17310	0
17338	17338	17338	999999	17338	17338	17338	999999	17310	17310	17310	17302	17312	17312	17312	17304	17321	17321	17321	999999	999999	999999	0	999999	17320	17320	17320	999999	17317	17317	17317	999999	17328	17328	17328	999999	17318	17318	17318	999999	17334	17334	17334	999999	17318	17318	17318	999999	0
17338	17338	17338	17338	17338	17338	17338	17338	17310	17310	17310	17310	17312	17312	17312	17312	17321	17321	17321	17321	999999	999999	999999	0	17320	17320	17320	17320	17317	17317	17317	17317	17328	17328	17328	17328	17318	17318	17318	17318	17334	17334	17334	17334	17318	17318	17318	17318	0
17338	17338	17338	17330	17338	17338	17338	17330	17310	17302	999999	999999	17312	17304	999999	999999	17321	17321	17313	999999	0	999999	999999	999999	17320	17320	17312	999999	17317	17317	17309	999999	17328	17328	17320	999999	17318	17318	17310	999999	17334	17334	17326	999999	17318	17318	17310	999999	0
17334	17334	17334	17326	17323	17323	17323	17315	17317	17317	17317	17309	17305	17305	17297	999999	17334	17334	17334	17326	17320	17320	17320	17312	999999	0	999999	999999	17316	17316	17316	17308	17347	17347	999999	999999	17326	17326	17326	17318	17321	17321	17321	17313	17329	17329	17329	17321	0
17334	17334	17334	999999	17323	17323	17323	999999	17317	17317	17317	999999	17305	17305	17305	17297	17334	17334	17334	999999	17320	17320	17320	999999	999999	999999	0	999999	17316	17316	17316	999999	17347	17347	17347	999999	17326	17326	17326	999999	17321	17321	17321	999999	17329	17329	17329	999999	0
17334	17334	17334	17334	17323	17323	17323	17323	17317	17317	17317	17317	17305	17305	17305	17305	17334	17334	17334	17334	17320	17320	17320	17320	999999	999999	999999	0	17316	17316	17316	17316	17347	17347	17347	17347	17326	17326	17326	17326	17321	17321	17321	17321	17329	17329	17329	17329	0
17334	17334	17326	999999	17323	17323	17315	999999	17317	17317	17309	999999	17305	17297	999999	999999	17334	17334	17326	999999	17320	17320	17312	999999	0	999999	999999	999999	17316	17316	17308	999999	17347	17347	17347	17339	17326	17326	17318	999999	17321	17321	17313	999999	17329	17329	17321	999999	0
17314	17314	17314	17306	17315	17315	17315	17307	17328	17328	17328	17320	17305	17305	17297	999999	17313	17313	17305	999999	17317	17317	17317	17309	17316	17316	17316	17308	999999	0	999999	999999	17327	17327	17327	17319	17305	17305	17297	999999	17310	17310	17302	999999	17307	17307	17299	999999	0
17314	17314	17314	999999	17315	17315	17315	999999	17328	17328	17328	999999	17305	17305	17305	17297	17313	17313	17313	17305	17317	17317	17317	999999	17316	17316	17316	999999	999999	999999	0	999999	17327	17327	17327	999999	17305	17305	17305	17297	17310	17310	17310	17302	17307	17307	17307	17299	0
17314	17314	17314	17314	17315	17315	17315	17315	17328	17328	17328	17328	17305	17305	17305	17305	17313	17313	17313	17313	17317	17317	17317	17317	17316	17316	17316	17316	999999	999999	999999	0	17327	17327	17327	17327	17305	17305	17305	17305	17310	17310	17310	17310	17307	17307	17307	17307	0
17314	17314	17306	999999	17315	17315	17307	999999	17328	17328	17320	999999	17305	17297	999999	999999	17313	17305	999999	999999	17317	17317	17309	999999	17316	17316	17308	999999	0	999999	999999	999999	17327	17327	17319	999999	17305	17297	999999	999999	17310	17302	999999	999999	17307	17299	999999	999999	0
17332	17332	17332	17324	17345	17345	999999	999999	17345	17345	999999	999999	17335	17335	17335	17327	17308	17308	17300	999999	17328	17328	17328	17320	17347	17347	999999	999999	17327	17327	17327	17319	999999	0	999999	999999	17316	17316	17316	17308	17340	17340	999999	999999	17313	17313	17305	999999	0
17332	17332	17332	999999	17345	17345	17345	999999	17345	17345	17345	999999	17335	17335	17335	999999	17308	17308	17308	17300	17328	17328	17328	999999	17347	17347	17347	999999	17327	17327	17327	999999	999999	999999	0	999999	17316	17316	17316	999999	17340	17340	17340	999999	17313	17313	17313	17305	0
17332	17332	17332	17332	17345	17345	17345	17345	17345	17345	17345	17345	17335	17335	17335	17335	17308	17308	17308	17308	17328	17328	17328	17328	17347	17347	17347	17347	17327	17327	17327	17327	999999	999999	999999	0	17316	17316	17316	17316	17340	17340	17340	17340	17313	17313	17313	17313	0
17332	17332	17324	999999	17345	17345	17345	17337	17345	17345	17345	17337	17335	17335	17327	999999	17308	17300	999999	999999	17328	17328	17320	999999	17347	17347	17347	17339	17327	17327	17319	999999	0	999999	999999	999999	17316	17316	17308	999999	17340	17340	17340	17332	17313	17305	999999	999999	0
17315	17315	17315	17307	17324	17324	17324	17316	17333	17333	17333	17325	17314	17314	17306	999999	17301	17301	17293	999999	17318	17318	17318	17310	17326	17326	17326	17318	17305	17305	17297	999999	17316	17316	17316	17308	999999	0	999999	999999	17318	17318	17318	17310	17296	17296	17288	999999	0
17315	17315	17315	999999	17324	17324	17324	999999	17333	17333	17333	999999	17314	17314	17314	17306	17301	17301	17301	17293	17318	17318	17318	999999	17326	17326	17326	999999	17305	17305	17305	17297	17316	17316	17316	999999	999999	999999	0	999999	17318	17318	17318	999999	17296	17296	17296	17288	0
17315	17315	17315	17315	17324	17324	17324	17324	17333	17333	17333	17333	17314	17314	17314	17314	17301	17301	17301	17301	17318	17318	17318	17318	17326	17326	17326	17326	17305	17305	17305	17305	17316	17316	17316	17316	999999	999999	999999	0	17318	17318	17318	17318	17296	17296	17296	17296	0
17315	17315	17307	999999	17324	17324	17316	999999	17333	17333	17325	999999	17314	17306	999999	999999	17301	17293	999999	999999	17318	17318	17310	999999	17326	17326	17318	999999	17305	17297	999999	999999	17316	17316	17308	999999	0	999999	999999	999999	17318	17318	17310	999999	17296	17288	999999	999999	0
17308	17308	17300	999999	17298	17298	17290	999999	17341	17341	999999	999999	17316	17316	17316	17308	17325	17325	17325	17317	17334	17334	17334	17326	17321	17321	17321	17313	17310	17310	17302	999999	17340	17340	999999	999999	17318	17318	17318	17310	999999	0	999999	999999	17321	17321	17321	17313	0
17308	17308	17308	17300	17298	17298	17298	17290	17341	17341	17341	999999	17316	17316	17316	999999	17325	17325	17325	999999	17334	17334	17334	999999	17321	17321	17321	999999	17310	17310	17310	17302	17340	17340	17340	999999	17318	17318	17318	999999	999999	999999	0	999999	17321	17321	17321	999999	0
17308	17308	17308	17308	17298	17298	17298	17298	17341	17341	17341	17341	17316	17316	17316	17316	17325	17325	17325	17325	17334	17334	17334	17334	17321	17321	17321	17321	17310	17310	17310	17310	17340	17340	17340	17340	17318	17318	17318	17318	999999	999999	999999	0	17321	17321	17321	17321	0
17308	17300	999999	999999	17298	17290	999999	999999	17341	17341	17341	17333	17316	17316	17308	999999	17325	17325	17317	999999	17334	17334	17326	999999	17321	17321	17313	999999	17310	17302	999999	999999	17340	17340	17340	17332	17318	17318	17310	999999	0	999999	999999	999999	17321	17321	17313	999999	0
17317	17317	17317	17309	17326	17326	17326	17318	17334	17334	17334	17326	17316	17316	17316	17308	17298	17298	17290	999999	17318	17318	17318	17310	17329	17329	17329	17321	17307	17307	17299	999999	17313	17313	17305	999999	17296	17296	17288	999999	17321	17321	17321	17313	999999	0	999999	999999	0
17317	17317	17317	999999	17326	17326	17326	999999	17334	17334	17334	999999	17316	17316	17316	999999	17298	17298	17298	17290	17318	17318	17318	999999	17329	17329	17329	999999	17307	17307	17307	17299	17313	17313	17313	17305	17296	17296	17296	17288	17321	17321	17321	999999	999999	999999	0	999999	0
17317	17317	17317	17317	17326	17326	17326	17326	17334	17334	17334	17334	17316	17316	17316	17316	17298	17298	17298	17298	17318	17318	17318	17318	17329	17329	17329	17329	17307	17307	17307	17307	17313	17313	17313	17313	17296	17296	17296	17296	17321	17321	17321	17321	999999	999999	999999	0	0
17317	17317	17309	999999	17326	17326	17318	999999	17334	17334	17326	999999	17316	17316	17308	999999	17298	17290	999999	999999	17318	17318	17310	999999	17329	17329	17321	999999	17307	17299	999999	999999	17313	17305	999999	999999	17296	17288	999999	999999	17321	17321	17313	999999	0	999999	999999	999999	0
17285	999999	999999	999999	17285	999999	999999	999999	17285	999999	999999	999999	17285	999999	999999	999999	17285	999999	999999	999999	17285	999999	999999	999999	17285	999999	999999	999999	17285	999999	999999	999999	17285	999999	999999	999999	17285	999999	999999	999999	17285	999999	999999	999999	17285	999999	999999	999999	999999
GTSP_SET_SECTION:
1 1 2 3 4 -1
2 5 6 7 8 -1
3 9 10 11 12 -1
4 13 14 15 16 -1
5 17 18 19 20 -1
6 21 22 23 24 -1
7 25 26 27 28 -1
8 29 30 31 32 -1
9 33 34 35 36 -1
10 37 38 39 40 -1
11 41 42 43 44 -1
12 45 46 47 48 -1
13 49 -1
EOF