NAME:  test1
TYPE: AGTSP
COMMENT: gtsp tours
DIMENSION:  49
GTSP_SETS: 13
EDGE_WEIGHT_TYPE: EXPLICIT
EDGE_WEIGHT_FORMAT: FULL_MATRIX 
EDGE_WEIGHT_SECTION
999999	0	999999	999999	23856	23856	23848	999999	23873	23873	23873	23865	23862	23862	23854	999999	23875	23875	23875	23867	23888	23888	999999	999999	23849	23849	23841	999999	23892	23892	999999	999999	23884	23884	23884	23876	23883	23883	23883	23875	23846	23846	23838	999999	23890
999999	999999	0	999999	23856	23856	23856	23848	23873	23873	23873	999999	23862	23862	23862	23854	23875	23875	23875	999999	23888	23888	23888	999999	23849	23849	23849	23841	23892	23892	23892	999999	23884	23884	23884	999999	23883	23883	23883	999999	23846	23846	23846	23838	23890
999999	999999	999999	0	23856	23856	23856	23856	23873	23873	23873	23873	23862	23862	23862	23862	23875	23875	23875	23875	23888	23888	23888	23888	23849	23849	23849	23849	23892	23892	23892	23892	23884	23884	23884	23884	23883	23883	23883	23883	23846	23846	23846	23846	23890
0	999999	999999	999999	23856	23848	999999	999999	23873	23873	23865	999999	23862	23854	999999	999999	23875	23875	23867	999999	23888	23888	23888	23880	23849	23841	999999	999999	23892	23892	23892	23884	23884	23884	23876	999999	23883	23883	23875	999999	23846	23838	999999	999999	23890
23856	23856	23848	999999	999999	0	999999	999999	23864	23864	23864	23856	23855	23855	23847	999999	23877	23877	23877	23869	23875	23875	23875	23867	23857	23857	23849	999999	23879	23879	23879	23871	23876	23876	23876	23868	23872	23872	23872	23864	23853	23853	23845	999999	23877
23856	23856	23856	23848	999999	999999	0	999999	23864	23864	23864	999999	23855	23855	23855	23847	23877	23877	23877	999999	23875	23875	23875	999999	23857	23857	23857	23849	23879	23879	23879	999999	23876	23876	23876	999999	23872	23872	23872	999999	23853	23853	23853	23845	23877
23856	23856	23856	23856	999999	999999	999999	0	23864	23864	23864	23864	23855	23855	23855	23855	23877	23877	23877	23877	23875	23875	23875	23875	23857	23857	23857	23857	23879	23879	23879	23879	23876	23876	23876	23876	23872	23872	23872	23872	23853	23853	23853	23853	23877
23856	23848	999999	999999	0	999999	999999	999999	23864	23864	23856	999999	23855	23847	999999	999999	23877	23877	23869	999999	23875	23875	23867	999999	23857	23849	999999	999999	23879	23879	23871	999999	23876	23876	23868	999999	23872	23872	23864	999999	23853	23845	999999	999999	23877
23873	23873	23873	23865	23864	23864	23864	23856	999999	0	999999	999999	23854	23854	23846	999999	23898	23898	999999	999999	23872	23872	23872	23864	23877	23877	23877	23869	23881	23881	23881	23873	23892	23892	999999	999999	23881	23881	23881	23873	23870	23870	23870	23862	23873
23873	23873	23873	999999	23864	23864	23864	999999	999999	999999	0	999999	23854	23854	23854	23846	23898	23898	23898	999999	23872	23872	23872	999999	23877	23877	23877	999999	23881	23881	23881	999999	23892	23892	23892	999999	23881	23881	23881	999999	23870	23870	23870	999999	23873
23873	23873	23873	23873	23864	23864	23864	23864	999999	999999	999999	0	23854	23854	23854	23854	23898	23898	23898	23898	23872	23872	23872	23872	23877	23877	23877	23877	23881	23881	23881	23881	23892	23892	23892	23892	23881	23881	23881	23881	23870	23870	23870	23870	23873
23873	23873	23865	999999	23864	23864	23856	999999	0	999999	999999	999999	23854	23846	999999	999999	23898	23898	23898	23890	23872	23872	23864	999999	23877	23877	23869	999999	23881	23881	23873	999999	23892	23892	23892	23884	23881	23881	23873	999999	23870	23870	23862	999999	23873
23862	23862	23854	999999	23855	23855	23847	999999	23854	23854	23846	999999	999999	0	999999	999999	23889	23889	999999	999999	23875	23875	23875	23867	23866	23866	23866	23858	23882	23882	23882	23874	23887	23887	999999	999999	23878	23878	23878	23870	23859	23859	23851	999999	23877
23862	23862	23862	23854	23855	23855	23855	23847	23854	23854	23854	23846	999999	999999	0	999999	23889	23889	23889	999999	23875	23875	23875	999999	23866	23866	23866	999999	23882	23882	23882	999999	23887	23887	23887	999999	23878	23878	23878	999999	23859	23859	23859	23851	23877
23862	23862	23862	23862	23855	23855	23855	23855	23854	23854	23854	23854	999999	999999	999999	0	23889	23889	23889	23889	23875	23875	23875	23875	23866	23866	23866	23866	23882	23882	23882	23882	23887	23887	23887	23887	23878	23878	23878	23878	23859	23859	23859	23859	23877
23862	23854	999999	999999	23855	23847	999999	999999	23854	23846	999999	999999	0	999999	999999	999999	23889	23889	23889	23881	23875	23875	23867	999999	23866	23866	23858	999999	23882	23882	23874	999999	23887	23887	23887	23879	23878	23878	23870	999999	23859	23851	999999	999999	23877
23875	23875	23875	23867	23877	23877	23877	23869	23898	23898	999999	999999	23889	23889	999999	999999	999999	0	999999	999999	23897	23897	999999	999999	23869	23869	23869	23861	23895	23895	999999	999999	23869	23869	23869	23861	23882	23882	23882	23874	23875	23875	23875	23867	23899
23875	23875	23875	999999	23877	23877	23877	999999	23898	23898	23898	999999	23889	23889	23889	999999	999999	999999	0	999999	23897	23897	23897	999999	23869	23869	23869	999999	23895	23895	23895	999999	23869	23869	23869	999999	23882	23882	23882	999999	23875	23875	23875	999999	23899
23875	23875	23875	23875	23877	23877	23877	23877	23898	23898	23898	23898	23889	23889	23889	23889	999999	999999	999999	0	23897	23897	23897	23897	23869	23869	23869	23869	23895	23895	23895	23895	23869	23869	23869	23869	23882	23882	23882	23882	23875	23875	23875	23875	23899
23875	23875	23867	999999	23877	23877	23869	999999	23898	23898	23898	23890	23889	23889	23889	23881	0	999999	999999	999999	23897	23897	23897	23889	23869	23869	23861	999999	23895	23895	23895	23887	23869	23869	23861	999999	23882	23882	23874	999999	23875	23875	23867	999999	23899
23888	23888	999999	999999	23875	23875	23875	23867	23872	23872	23872	23864	23875	23875	23875	23867	23897	23897	999999	999999	999999	0	999999	999999	23888	23888	999999	999999	23852	23852	23844	999999	23877	23877	23877	23869	23860	23860	23852	999999	23885	23885	23885	23877	23846
23888	23888	23888	999999	23875	23875	23875	999999	23872	23872	23872	999999	23875	23875	23875	999999	23897	23897	23897	999999	999999	999999	0	999999	23888	23888	23888	999999	23852	23852	23852	23844	23877	23877	23877	999999	23860	23860	23860	23852	23885	23885	23885	999999	23846
23888	23888	23888	23888	23875	23875	23875	23875	23872	23872	23872	23872	23875	23875	23875	23875	23897	23897	23897	23897	999999	999999	999999	0	23888	23888	23888	23888	23852	23852	23852	23852	23877	23877	23877	23877	23860	23860	23860	23860	23885	23885	23885	23885	23846
23888	23888	23888	23880	23875	23875	23867	999999	23872	23872	23864	999999	23875	23875	23867	999999	23897	23897	23897	23889	0	999999	999999	999999	23888	23888	23888	23880	23852	23844	999999	999999	23877	23877	23869	999999	23860	23852	999999	999999	23885	23885	23877	999999	23846
23849	23849	23841	999999	23857	23857	23849	999999	23877	23877	23877	23869	23866	23866	23866	23858	23869	23869	23869	23861	23888	23888	999999	999999	999999	0	999999	999999	23890	23890	999999	999999	23879	23879	23879	23871	23881	23881	23881	23873	23850	23850	23842	999999	23890
23849	23849	23849	23841	23857	23857	23857	23849	23877	23877	23877	999999	23866	23866	23866	999999	23869	23869	23869	999999	23888	23888	23888	999999	999999	999999	0	999999	23890	23890	23890	999999	23879	23879	23879	999999	23881	23881	23881	999999	23850	23850	23850	23842	23890
23849	23849	23849	23849	23857	23857	23857	23857	23877	23877	23877	23877	23866	23866	23866	23866	23869	23869	23869	23869	23888	23888	23888	23888	999999	999999	999999	0	23890	23890	23890	23890	23879	23879	23879	23879	23881	23881	23881	23881	23850	23850	23850	23850	23890
23849	23841	999999	999999	23857	23849	999999	999999	23877	23877	23869	999999	23866	23866	23858	999999	23869	23869	23861	999999	23888	23888	23888	23880	0	999999	999999	999999	23890	23890	23890	23882	23879	23879	23871	999999	23881	23881	23873	999999	23850	23842	999999	999999	23890
23892	23892	999999	999999	23879	23879	23879	23871	23881	23881	23881	23873	23882	23882	23882	23874	23895	23895	999999	999999	23852	23852	23844	999999	23890	23890	999999	999999	999999	0	999999	999999	23872	23872	23872	23864	23855	23855	23847	999999	23889	23889	999999	999999	23853
23892	23892	23892	999999	23879	23879	23879	999999	23881	23881	23881	999999	23882	23882	23882	999999	23895	23895	23895	999999	23852	23852	23852	23844	23890	23890	23890	999999	999999	999999	0	999999	23872	23872	23872	999999	23855	23855	23855	23847	23889	23889	23889	999999	23853
23892	23892	23892	23892	23879	23879	23879	23879	23881	23881	23881	23881	23882	23882	23882	23882	23895	23895	23895	23895	23852	23852	23852	23852	23890	23890	23890	23890	999999	999999	999999	0	23872	23872	23872	23872	23855	23855	23855	23855	23889	23889	23889	23889	23853
23892	23892	23892	23884	23879	23879	23871	999999	23881	23881	23873	999999	23882	23882	23874	999999	23895	23895	23895	23887	23852	23844	999999	999999	23890	23890	23890	23882	0	999999	999999	999999	23872	23872	23864	999999	23855	23847	999999	999999	23889	23889	23889	23881	23853
23884	23884	23884	23876	23876	23876	23876	23868	23892	23892	999999	999999	23887	23887	999999	999999	23869	23869	23869	23861	23877	23877	23877	23869	23879	23879	23879	23871	23872	23872	23872	23864	999999	0	999999	999999	23860	23860	23852	999999	23882	23882	23882	23874	23880
23884	23884	23884	999999	23876	23876	23876	999999	23892	23892	23892	999999	23887	23887	23887	999999	23869	23869	23869	999999	23877	23877	23877	999999	23879	23879	23879	999999	23872	23872	23872	999999	999999	999999	0	999999	23860	23860	23860	23852	23882	23882	23882	999999	23880
23884	23884	23884	23884	23876	23876	23876	23876	23892	23892	23892	23892	23887	23887	23887	23887	23869	23869	23869	23869	23877	23877	23877	23877	23879	23879	23879	23879	23872	23872	23872	23872	999999	999999	999999	0	23860	23860	23860	23860	23882	23882	23882	23882	23880
23884	23884	23876	999999	23876	23876	23868	999999	23892	23892	23892	23884	23887	23887	23887	23879	23869	23869	23861	999999	23877	23877	23869	999999	23879	23879	23871	999999	23872	23872	23864	999999	0	999999	999999	999999	23860	23852	999999	999999	23882	23882	23874	999999	23880
23883	23883	23883	23875	23872	23872	23872	23864	23881	23881	23881	23873	23878	23878	23878	23870	23882	23882	23882	23874	23860	23860	23852	999999	23881	23881	23881	23873	23855	23855	23847	999999	23860	23860	23852	999999	999999	0	999999	999999	23881	23881	23881	23873	23863
23883	23883	23883	999999	23872	23872	23872	999999	23881	23881	23881	999999	23878	23878	23878	999999	23882	23882	23882	999999	23860	23860	23860	23852	23881	23881	23881	999999	23855	23855	23855	23847	23860	23860	23860	23852	999999	999999	0	999999	23881	23881	23881	999999	23863
23883	23883	23883	23883	23872	23872	23872	23872	23881	23881	23881	23881	23878	23878	23878	23878	23882	23882	23882	23882	23860	23860	23860	23860	23881	23881	23881	23881	23855	23855	23855	23855	23860	23860	23860	23860	999999	999999	999999	0	23881	23881	23881	23881	23863
23883	23883	23875	999999	23872	23872	23864	999999	23881	23881	23873	999999	23878	23878	23870	999999	23882	23882	23874	999999	23860	23852	999999	999999	23881	23881	23873	999999	23855	23847	999999	999999	23860	23852	999999	999999	0	999999	999999	999999	23881	23881	23873	999999	23863
23846	23846	23838	999999	23853	23853	23845	999999	23870	23870	23870	23862	23859	23859	23851	999999	23875	23875	23875	23867	23885	23885	23885	23877	23850	23850	23842	999999	23889	23889	999999	999999	23882	23882	23882	23874	23881	23881	23881	23873	999999	0	999999	999999	23887
23846	23846	23846	23838	23853	23853	23853	23845	23870	23870	23870	999999	23859	23859	23859	23851	23875	23875	23875	999999	23885	23885	23885	999999	23850	23850	23850	23842	23889	23889	23889	999999	23882	23882	23882	999999	23881	23881	23881	999999	999999	999999	0	999999	23887
23846	23846	23846	23846	23853	23853	23853	23853	23870	23870	23870	23870	23859	23859	23859	23859	23875	23875	23875	23875	23885	23885	23885	23885	23850	23850	23850	23850	23889	23889	23889	23889	23882	23882	23882	23882	23881	23881	23881	23881	999999	999999	999999	0	23887
23846	23838	999999	999999	23853	23845	999999	999999	23870	23870	23862	999999	23859	23851	999999	999999	23875	23875	23867	999999	23885	23885	23877	999999	23850	23842	999999	999999	23889	23889	23889	23881	23882	23882	23874	999999	23881	23881	23873	999999	0	999999	999999	999999	23887
23890	23890	999999	999999	23877	23877	23877	23869	23873	23873	23873	23865	23877	23877	23877	23869	23899	23899	999999	999999	23846	23846	23838	999999	23890	23890	999999	999999	23853	23853	23845	999999	23880	23880	23880	23872	23863	23863	23855	999999	23887	23887	999999	999999	999999
GTSP_SET_SECTION:
1 1 2 3 4 -1
2 5 6 7 8 -1
3 9 10 11 12 -1
4 13 14 15 16 -1
5 17 18 19 20 -1
6 21 22 23 24 -1
7 25 26 27 28 -1
8 29 30 31 32 -1
9 33 34 35 36 -1
10 37 38 39 40 -1
11 41 42 43 44 -1
12 45 46 47 48 -1
13 49 -1
EOF