NAME:  test1
TYPE: AGTSP
COMMENT: gtsp tours
DIMENSION:  49
GTSP_SETS: 13
EDGE_WEIGHT_TYPE: EXPLICIT
EDGE_WEIGHT_FORMAT: FULL_MATRIX 
EDGE_WEIGHT_SECTION
999999	0	999999	999999	25274	25274	999999	999999	25268	25268	25268	25260	25230	25230	25222	999999	25257	25257	25257	25249	25258	25258	25258	25250	25263	25263	25263	25255	25247	25247	25239	999999	25284	25284	999999	999999	25257	25257	25257	25249	25253	25253	25253	25245	25254	25254	25254	25246	0
999999	999999	0	999999	25274	25274	25274	999999	25268	25268	25268	999999	25230	25230	25230	25222	25257	25257	25257	999999	25258	25258	25258	999999	25263	25263	25263	999999	25247	25247	25247	25239	25284	25284	25284	999999	25257	25257	25257	999999	25253	25253	25253	999999	25254	25254	25254	999999	0
999999	999999	999999	0	25274	25274	25274	25274	25268	25268	25268	25268	25230	25230	25230	25230	25257	25257	25257	25257	25258	25258	25258	25258	25263	25263	25263	25263	25247	25247	25247	25247	25284	25284	25284	25284	25257	25257	25257	25257	25253	25253	25253	25253	25254	25254	25254	25254	0
0	999999	999999	999999	25274	25274	25274	25266	25268	25268	25260	999999	25230	25222	999999	999999	25257	25257	25249	999999	25258	25258	25250	999999	25263	25263	25255	999999	25247	25239	999999	999999	25284	25284	25284	25276	25257	25257	25249	999999	25253	25253	25245	999999	25254	25254	25246	999999	0
25274	25274	999999	999999	999999	0	999999	999999	25244	25244	25236	999999	25271	25271	999999	999999	25257	25257	25257	25249	25257	25257	25257	25249	25271	25271	999999	999999	25263	25263	25263	25255	25240	25240	25232	999999	25254	25254	25254	25246	25278	25278	999999	999999	25273	25273	999999	999999	0
25274	25274	25274	999999	999999	999999	0	999999	25244	25244	25244	25236	25271	25271	25271	999999	25257	25257	25257	999999	25257	25257	25257	999999	25271	25271	25271	999999	25263	25263	25263	999999	25240	25240	25240	25232	25254	25254	25254	999999	25278	25278	25278	999999	25273	25273	25273	999999	0
25274	25274	25274	25274	999999	999999	999999	0	25244	25244	25244	25244	25271	25271	25271	25271	25257	25257	25257	25257	25257	25257	25257	25257	25271	25271	25271	25271	25263	25263	25263	25263	25240	25240	25240	25240	25254	25254	25254	25254	25278	25278	25278	25278	25273	25273	25273	25273	0
25274	25274	25274	25266	0	999999	999999	999999	25244	25236	999999	999999	25271	25271	25271	25263	25257	25257	25249	999999	25257	25257	25249	999999	25271	25271	25271	25263	25263	25263	25255	999999	25240	25232	999999	999999	25254	25254	25246	999999	25278	25278	25278	25270	25273	25273	25273	25265	0
25268	25268	25268	25260	25244	25244	25236	999999	999999	0	999999	999999	25265	25265	25265	25257	25263	25263	25263	25255	25241	25241	25233	999999	25278	25278	999999	999999	25265	25265	25265	25257	25245	25245	25237	999999	25260	25260	25260	25252	25264	25264	25264	25256	25277	25277	999999	999999	0
25268	25268	25268	999999	25244	25244	25244	25236	999999	999999	0	999999	25265	25265	25265	999999	25263	25263	25263	999999	25241	25241	25241	25233	25278	25278	25278	999999	25265	25265	25265	999999	25245	25245	25245	25237	25260	25260	25260	999999	25264	25264	25264	999999	25277	25277	25277	999999	0
25268	25268	25268	25268	25244	25244	25244	25244	999999	999999	999999	0	25265	25265	25265	25265	25263	25263	25263	25263	25241	25241	25241	25241	25278	25278	25278	25278	25265	25265	25265	25265	25245	25245	25245	25245	25260	25260	25260	25260	25264	25264	25264	25264	25277	25277	25277	25277	0
25268	25268	25260	999999	25244	25236	999999	999999	0	999999	999999	999999	25265	25265	25257	999999	25263	25263	25255	999999	25241	25233	999999	999999	25278	25278	25278	25270	25265	25265	25257	999999	25245	25237	999999	999999	25260	25260	25252	999999	25264	25264	25256	999999	25277	25277	25277	25269	0
25230	25230	25222	999999	25271	25271	999999	999999	25265	25265	25265	25257	999999	0	999999	999999	25255	25255	25255	25247	25256	25256	25256	25248	25262	25262	25262	25254	25246	25246	25238	999999	25280	25280	999999	999999	25254	25254	25254	25246	25252	25252	25252	25244	25254	25254	25254	25246	0
25230	25230	25230	25222	25271	25271	25271	999999	25265	25265	25265	999999	999999	999999	0	999999	25255	25255	25255	999999	25256	25256	25256	999999	25262	25262	25262	999999	25246	25246	25246	25238	25280	25280	25280	999999	25254	25254	25254	999999	25252	25252	25252	999999	25254	25254	25254	999999	0
25230	25230	25230	25230	25271	25271	25271	25271	25265	25265	25265	25265	999999	999999	999999	0	25255	25255	25255	25255	25256	25256	25256	25256	25262	25262	25262	25262	25246	25246	25246	25246	25280	25280	25280	25280	25254	25254	25254	25254	25252	25252	25252	25252	25254	25254	25254	25254	0
25230	25222	999999	999999	25271	25271	25271	25263	25265	25265	25257	999999	0	999999	999999	999999	25255	25255	25247	999999	25256	25256	25248	999999	25262	25262	25254	999999	25246	25238	999999	999999	25280	25280	25280	25272	25254	25254	25246	999999	25252	25252	25244	999999	25254	25254	25246	999999	0
25257	25257	25257	25249	25257	25257	25257	25249	25263	25263	25263	25255	25255	25255	25255	25247	999999	0	999999	999999	25265	25265	25265	25257	25241	25241	25233	999999	25237	25237	25229	999999	25270	25270	999999	999999	25230	25230	25222	999999	25276	25276	999999	999999	25243	25243	25235	999999	0
25257	25257	25257	999999	25257	25257	25257	999999	25263	25263	25263	999999	25255	25255	25255	999999	999999	999999	0	999999	25265	25265	25265	999999	25241	25241	25241	25233	25237	25237	25237	25229	25270	25270	25270	999999	25230	25230	25230	25222	25276	25276	25276	999999	25243	25243	25243	25235	0
25257	25257	25257	25257	25257	25257	25257	25257	25263	25263	25263	25263	25255	25255	25255	25255	999999	999999	999999	0	25265	25265	25265	25265	25241	25241	25241	25241	25237	25237	25237	25237	25270	25270	25270	25270	25230	25230	25230	25230	25276	25276	25276	25276	25243	25243	25243	25243	0
25257	25257	25249	999999	25257	25257	25249	999999	25263	25263	25255	999999	25255	25255	25247	999999	0	999999	999999	999999	25265	25265	25257	999999	25241	25233	999999	999999	25237	25229	999999	999999	25270	25270	25270	25262	25230	25222	999999	999999	25276	25276	25276	25268	25243	25235	999999	999999	0
25258	25258	25258	25250	25257	25257	25257	25249	25241	25241	25233	999999	25256	25256	25256	25248	25265	25265	25265	25257	999999	0	999999	999999	25279	25279	999999	999999	25263	25263	25263	25255	25259	25259	25259	25251	25262	25262	25262	25254	25250	25250	25250	25242	25275	25275	999999	999999	0
25258	25258	25258	999999	25257	25257	25257	999999	25241	25241	25241	25233	25256	25256	25256	999999	25265	25265	25265	999999	999999	999999	0	999999	25279	25279	25279	999999	25263	25263	25263	999999	25259	25259	25259	999999	25262	25262	25262	999999	25250	25250	25250	999999	25275	25275	25275	999999	0
25258	25258	25258	25258	25257	25257	25257	25257	25241	25241	25241	25241	25256	25256	25256	25256	25265	25265	25265	25265	999999	999999	999999	0	25279	25279	25279	25279	25263	25263	25263	25263	25259	25259	25259	25259	25262	25262	25262	25262	25250	25250	25250	25250	25275	25275	25275	25275	0
25258	25258	25250	999999	25257	25257	25249	999999	25241	25233	999999	999999	25256	25256	25248	999999	25265	25265	25257	999999	0	999999	999999	999999	25279	25279	25279	25271	25263	25263	25255	999999	25259	25259	25251	999999	25262	25262	25254	999999	25250	25250	25242	999999	25275	25275	25275	25267	0
25263	25263	25263	25255	25271	25271	999999	999999	25278	25278	999999	999999	25262	25262	25262	25254	25241	25241	25233	999999	25279	25279	999999	999999	999999	0	999999	999999	25244	25244	25236	999999	25284	25284	999999	999999	25244	25244	25236	999999	25286	25286	999999	999999	25236	25236	25228	999999	0
25263	25263	25263	999999	25271	25271	25271	999999	25278	25278	25278	999999	25262	25262	25262	999999	25241	25241	25241	25233	25279	25279	25279	999999	999999	999999	0	999999	25244	25244	25244	25236	25284	25284	25284	999999	25244	25244	25244	25236	25286	25286	25286	999999	25236	25236	25236	25228	0
25263	25263	25263	25263	25271	25271	25271	25271	25278	25278	25278	25278	25262	25262	25262	25262	25241	25241	25241	25241	25279	25279	25279	25279	999999	999999	999999	0	25244	25244	25244	25244	25284	25284	25284	25284	25244	25244	25244	25244	25286	25286	25286	25286	25236	25236	25236	25236	0
25263	25263	25255	999999	25271	25271	25271	25263	25278	25278	25278	25270	25262	25262	25254	999999	25241	25233	999999	999999	25279	25279	25279	25271	0	999999	999999	999999	25244	25236	999999	999999	25284	25284	25284	25276	25244	25236	999999	999999	25286	25286	25286	25278	25236	25228	999999	999999	0
25247	25247	25239	999999	25263	25263	25263	25255	25265	25265	25265	25257	25246	25246	25238	999999	25237	25237	25229	999999	25263	25263	25263	25255	25244	25244	25236	999999	999999	0	999999	999999	25275	25275	999999	999999	25238	25238	25230	999999	25269	25269	999999	999999	25239	25239	25231	999999	0
25247	25247	25247	25239	25263	25263	25263	999999	25265	25265	25265	999999	25246	25246	25246	25238	25237	25237	25237	25229	25263	25263	25263	999999	25244	25244	25244	25236	999999	999999	0	999999	25275	25275	25275	999999	25238	25238	25238	25230	25269	25269	25269	999999	25239	25239	25239	25231	0
25247	25247	25247	25247	25263	25263	25263	25263	25265	25265	25265	25265	25246	25246	25246	25246	25237	25237	25237	25237	25263	25263	25263	25263	25244	25244	25244	25244	999999	999999	999999	0	25275	25275	25275	25275	25238	25238	25238	25238	25269	25269	25269	25269	25239	25239	25239	25239	0
25247	25239	999999	999999	25263	25263	25255	999999	25265	25265	25257	999999	25246	25238	999999	999999	25237	25229	999999	999999	25263	25263	25255	999999	25244	25236	999999	999999	0	999999	999999	999999	25275	25275	25275	25267	25238	25230	999999	999999	25269	25269	25269	25261	25239	25231	999999	999999	0
25284	25284	999999	999999	25240	25240	25232	999999	25245	25245	25237	999999	25280	25280	999999	999999	25270	25270	999999	999999	25259	25259	25259	25251	25284	25284	999999	999999	25275	25275	999999	999999	999999	0	999999	999999	25267	25267	25267	25259	25282	25282	999999	999999	25286	25286	999999	999999	0
25284	25284	25284	999999	25240	25240	25240	25232	25245	25245	25245	25237	25280	25280	25280	999999	25270	25270	25270	999999	25259	25259	25259	999999	25284	25284	25284	999999	25275	25275	25275	999999	999999	999999	0	999999	25267	25267	25267	999999	25282	25282	25282	999999	25286	25286	25286	999999	0
25284	25284	25284	25284	25240	25240	25240	25240	25245	25245	25245	25245	25280	25280	25280	25280	25270	25270	25270	25270	25259	25259	25259	25259	25284	25284	25284	25284	25275	25275	25275	25275	999999	999999	999999	0	25267	25267	25267	25267	25282	25282	25282	25282	25286	25286	25286	25286	0
25284	25284	25284	25276	25240	25232	999999	999999	25245	25237	999999	999999	25280	25280	25280	25272	25270	25270	25270	25262	25259	25259	25251	999999	25284	25284	25284	25276	25275	25275	25275	25267	0	999999	999999	999999	25267	25267	25259	999999	25282	25282	25282	25274	25286	25286	25286	25278	0
25257	25257	25257	25249	25254	25254	25254	25246	25260	25260	25260	25252	25254	25254	25254	25246	25230	25230	25222	999999	25262	25262	25262	25254	25244	25244	25236	999999	25238	25238	25230	999999	25267	25267	25267	25259	999999	0	999999	999999	25274	25274	999999	999999	25246	25246	25238	999999	0
25257	25257	25257	999999	25254	25254	25254	999999	25260	25260	25260	999999	25254	25254	25254	999999	25230	25230	25230	25222	25262	25262	25262	999999	25244	25244	25244	25236	25238	25238	25238	25230	25267	25267	25267	999999	999999	999999	0	999999	25274	25274	25274	999999	25246	25246	25246	25238	0
25257	25257	25257	25257	25254	25254	25254	25254	25260	25260	25260	25260	25254	25254	25254	25254	25230	25230	25230	25230	25262	25262	25262	25262	25244	25244	25244	25244	25238	25238	25238	25238	25267	25267	25267	25267	999999	999999	999999	0	25274	25274	25274	25274	25246	25246	25246	25246	0
25257	25257	25249	999999	25254	25254	25246	999999	25260	25260	25252	999999	25254	25254	25246	999999	25230	25222	999999	999999	25262	25262	25254	999999	25244	25236	999999	999999	25238	25230	999999	999999	25267	25267	25259	999999	0	999999	999999	999999	25274	25274	25274	25266	25246	25238	999999	999999	0
25253	25253	25253	25245	25278	25278	999999	999999	25264	25264	25264	25256	25252	25252	25252	25244	25276	25276	999999	999999	25250	25250	25250	25242	25286	25286	999999	999999	25269	25269	999999	999999	25282	25282	999999	999999	25274	25274	999999	999999	999999	0	999999	999999	25279	25279	999999	999999	0
25253	25253	25253	999999	25278	25278	25278	999999	25264	25264	25264	999999	25252	25252	25252	999999	25276	25276	25276	999999	25250	25250	25250	999999	25286	25286	25286	999999	25269	25269	25269	999999	25282	25282	25282	999999	25274	25274	25274	999999	999999	999999	0	999999	25279	25279	25279	999999	0
25253	25253	25253	25253	25278	25278	25278	25278	25264	25264	25264	25264	25252	25252	25252	25252	25276	25276	25276	25276	25250	25250	25250	25250	25286	25286	25286	25286	25269	25269	25269	25269	25282	25282	25282	25282	25274	25274	25274	25274	999999	999999	999999	0	25279	25279	25279	25279	0
25253	25253	25245	999999	25278	25278	25278	25270	25264	25264	25256	999999	25252	25252	25244	999999	25276	25276	25276	25268	25250	25250	25242	999999	25286	25286	25286	25278	25269	25269	25269	25261	25282	25282	25282	25274	25274	25274	25274	25266	0	999999	999999	999999	25279	25279	25279	25271	0
25254	25254	25254	25246	25273	25273	999999	999999	25277	25277	999999	999999	25254	25254	25254	25246	25243	25243	25235	999999	25275	25275	999999	999999	25236	25236	25228	999999	25239	25239	25231	999999	25286	25286	999999	999999	25246	25246	25238	999999	25279	25279	999999	999999	999999	0	999999	999999	0
25254	25254	25254	999999	25273	25273	25273	999999	25277	25277	25277	999999	25254	25254	25254	999999	25243	25243	25243	25235	25275	25275	25275	999999	25236	25236	25236	25228	25239	25239	25239	25231	25286	25286	25286	999999	25246	25246	25246	25238	25279	25279	25279	999999	999999	999999	0	999999	0
25254	25254	25254	25254	25273	25273	25273	25273	25277	25277	25277	25277	25254	25254	25254	25254	25243	25243	25243	25243	25275	25275	25275	25275	25236	25236	25236	25236	25239	25239	25239	25239	25286	25286	25286	25286	25246	25246	25246	25246	25279	25279	25279	25279	999999	999999	999999	0	0
25254	25254	25246	999999	25273	25273	25273	25265	25277	25277	25277	25269	25254	25254	25246	999999	25243	25235	999999	999999	25275	25275	25275	25267	25236	25228	999999	999999	25239	25231	999999	999999	25286	25286	25286	25278	25246	25238	999999	999999	25279	25279	25279	25271	0	999999	999999	999999	0
25219	999999	999999	999999	25219	999999	999999	999999	25219	999999	999999	999999	25219	999999	999999	999999	25219	999999	999999	999999	25219	999999	999999	999999	25219	999999	999999	999999	25219	999999	999999	999999	25219	999999	999999	999999	25219	999999	999999	999999	25219	999999	999999	999999	25219	999999	999999	999999	999999
GTSP_SET_SECTION:
1 1 2 3 4 -1
2 5 6 7 8 -1
3 9 10 11 12 -1
4 13 14 15 16 -1
5 17 18 19 20 -1
6 21 22 23 24 -1
7 25 26 27 28 -1
8 29 30 31 32 -1
9 33 34 35 36 -1
10 37 38 39 40 -1
11 41 42 43 44 -1
12 45 46 47 48 -1
13 49 -1
EOF