NAME:  test1
TYPE: AGTSP
COMMENT: gtsp tours
DIMENSION:  49
GTSP_SETS: 13
EDGE_WEIGHT_TYPE: EXPLICIT
EDGE_WEIGHT_FORMAT: FULL_MATRIX 
EDGE_WEIGHT_SECTION
999999	0	999999	999999	19218	19218	999999	999999	19209	19209	999999	999999	19205	19205	19205	19197	19221	19221	999999	999999	19205	19205	19205	19197	19190	19190	19190	19182	19215	19215	999999	999999	19205	19205	19205	19197	19186	19186	19186	19178	19196	19196	19196	19188	19187	19187	19187	19179	0
999999	999999	0	999999	19218	19218	19218	999999	19209	19209	19209	999999	19205	19205	19205	999999	19221	19221	19221	999999	19205	19205	19205	999999	19190	19190	19190	999999	19215	19215	19215	999999	19205	19205	19205	999999	19186	19186	19186	999999	19196	19196	19196	999999	19187	19187	19187	999999	0
999999	999999	999999	0	19218	19218	19218	19218	19209	19209	19209	19209	19205	19205	19205	19205	19221	19221	19221	19221	19205	19205	19205	19205	19190	19190	19190	19190	19215	19215	19215	19215	19205	19205	19205	19205	19186	19186	19186	19186	19196	19196	19196	19196	19187	19187	19187	19187	0
0	999999	999999	999999	19218	19218	19218	19210	19209	19209	19209	19201	19205	19205	19197	999999	19221	19221	19221	19213	19205	19205	19197	999999	19190	19190	19182	999999	19215	19215	19215	19207	19205	19205	19197	999999	19186	19186	19178	999999	19196	19196	19188	999999	19187	19187	19179	999999	0
19218	19218	999999	999999	999999	0	999999	999999	19185	19185	19177	999999	19201	19201	19201	19193	19183	19183	19175	999999	19197	19197	19197	19189	19203	19203	19203	19195	19178	19178	19170	999999	19182	19182	19174	999999	19196	19196	19196	19188	19197	19197	19197	19189	19203	19203	19203	19195	0
19218	19218	19218	999999	999999	999999	0	999999	19185	19185	19185	19177	19201	19201	19201	999999	19183	19183	19183	19175	19197	19197	19197	999999	19203	19203	19203	999999	19178	19178	19178	19170	19182	19182	19182	19174	19196	19196	19196	999999	19197	19197	19197	999999	19203	19203	19203	999999	0
19218	19218	19218	19218	999999	999999	999999	0	19185	19185	19185	19185	19201	19201	19201	19201	19183	19183	19183	19183	19197	19197	19197	19197	19203	19203	19203	19203	19178	19178	19178	19178	19182	19182	19182	19182	19196	19196	19196	19196	19197	19197	19197	19197	19203	19203	19203	19203	0
19218	19218	19218	19210	0	999999	999999	999999	19185	19177	999999	999999	19201	19201	19193	999999	19183	19175	999999	999999	19197	19197	19189	999999	19203	19203	19195	999999	19178	19170	999999	999999	19182	19174	999999	999999	19196	19196	19188	999999	19197	19197	19189	999999	19203	19203	19195	999999	0
19209	19209	999999	999999	19185	19185	19177	999999	999999	0	999999	999999	19211	19211	999999	999999	19176	19176	19168	999999	19176	19176	19168	999999	19186	19186	19186	19178	19173	19173	19165	999999	19191	19191	19191	19183	19190	19190	19190	19182	19179	19179	19171	999999	19204	19204	19204	19196	0
19209	19209	19209	999999	19185	19185	19185	19177	999999	999999	0	999999	19211	19211	19211	999999	19176	19176	19176	19168	19176	19176	19176	19168	19186	19186	19186	999999	19173	19173	19173	19165	19191	19191	19191	999999	19190	19190	19190	999999	19179	19179	19179	19171	19204	19204	19204	999999	0
19209	19209	19209	19209	19185	19185	19185	19185	999999	999999	999999	0	19211	19211	19211	19211	19176	19176	19176	19176	19176	19176	19176	19176	19186	19186	19186	19186	19173	19173	19173	19173	19191	19191	19191	19191	19190	19190	19190	19190	19179	19179	19179	19179	19204	19204	19204	19204	0
19209	19209	19209	19201	19185	19177	999999	999999	0	999999	999999	999999	19211	19211	19211	19203	19176	19168	999999	999999	19176	19168	999999	999999	19186	19186	19178	999999	19173	19165	999999	999999	19191	19191	19183	999999	19190	19190	19182	999999	19179	19171	999999	999999	19204	19204	19196	999999	0
19205	19205	19205	19197	19201	19201	19201	19193	19211	19211	999999	999999	999999	0	999999	999999	19217	19217	999999	999999	19218	19218	999999	999999	19212	19212	999999	999999	19210	19210	999999	999999	19184	19184	19176	999999	19193	19193	19193	19185	19211	19211	999999	999999	19182	19182	19174	999999	0
19205	19205	19205	999999	19201	19201	19201	999999	19211	19211	19211	999999	999999	999999	0	999999	19217	19217	19217	999999	19218	19218	19218	999999	19212	19212	19212	999999	19210	19210	19210	999999	19184	19184	19184	19176	19193	19193	19193	999999	19211	19211	19211	999999	19182	19182	19182	19174	0
19205	19205	19205	19205	19201	19201	19201	19201	19211	19211	19211	19211	999999	999999	999999	0	19217	19217	19217	19217	19218	19218	19218	19218	19212	19212	19212	19212	19210	19210	19210	19210	19184	19184	19184	19184	19193	19193	19193	19193	19211	19211	19211	19211	19182	19182	19182	19182	0
19205	19205	19197	999999	19201	19201	19193	999999	19211	19211	19211	19203	0	999999	999999	999999	19217	19217	19217	19209	19218	19218	19218	19210	19212	19212	19212	19204	19210	19210	19210	19202	19184	19176	999999	999999	19193	19193	19185	999999	19211	19211	19211	19203	19182	19174	999999	999999	0
19221	19221	999999	999999	19183	19183	19175	999999	19176	19176	19168	999999	19217	19217	999999	999999	999999	0	999999	999999	19186	19186	19186	19178	19199	19199	19199	19191	19171	19171	19163	999999	19197	19197	19197	19189	19201	19201	19201	19193	19192	19192	19192	19184	19214	19214	999999	999999	0
19221	19221	19221	999999	19183	19183	19183	19175	19176	19176	19176	19168	19217	19217	19217	999999	999999	999999	0	999999	19186	19186	19186	999999	19199	19199	19199	999999	19171	19171	19171	19163	19197	19197	19197	999999	19201	19201	19201	999999	19192	19192	19192	999999	19214	19214	19214	999999	0
19221	19221	19221	19221	19183	19183	19183	19183	19176	19176	19176	19176	19217	19217	19217	19217	999999	999999	999999	0	19186	19186	19186	19186	19199	19199	19199	19199	19171	19171	19171	19171	19197	19197	19197	19197	19201	19201	19201	19201	19192	19192	19192	19192	19214	19214	19214	19214	0
19221	19221	19221	19213	19183	19175	999999	999999	19176	19168	999999	999999	19217	19217	19217	19209	0	999999	999999	999999	19186	19186	19178	999999	19199	19199	19191	999999	19171	19163	999999	999999	19197	19197	19189	999999	19201	19201	19193	999999	19192	19192	19184	999999	19214	19214	19214	19206	0
19205	19205	19205	19197	19197	19197	19197	19189	19176	19176	19168	999999	19218	19218	999999	999999	19186	19186	19186	19178	999999	0	999999	999999	19179	19179	19171	999999	19185	19185	19177	999999	19200	19200	19200	19192	19191	19191	19191	19183	19173	19173	19165	999999	19207	19207	999999	999999	0
19205	19205	19205	999999	19197	19197	19197	999999	19176	19176	19176	19168	19218	19218	19218	999999	19186	19186	19186	999999	999999	999999	0	999999	19179	19179	19179	19171	19185	19185	19185	19177	19200	19200	19200	999999	19191	19191	19191	999999	19173	19173	19173	19165	19207	19207	19207	999999	0
19205	19205	19205	19205	19197	19197	19197	19197	19176	19176	19176	19176	19218	19218	19218	19218	19186	19186	19186	19186	999999	999999	999999	0	19179	19179	19179	19179	19185	19185	19185	19185	19200	19200	19200	19200	19191	19191	19191	19191	19173	19173	19173	19173	19207	19207	19207	19207	0
19205	19205	19197	999999	19197	19197	19189	999999	19176	19168	999999	999999	19218	19218	19218	19210	19186	19186	19178	999999	0	999999	999999	999999	19179	19171	999999	999999	19185	19177	999999	999999	19200	19200	19192	999999	19191	19191	19183	999999	19173	19165	999999	999999	19207	19207	19207	19199	0
19190	19190	19190	19182	19203	19203	19203	19195	19186	19186	19186	19178	19212	19212	999999	999999	19199	19199	19199	19191	19179	19179	19171	999999	999999	0	999999	999999	19195	19195	19195	19187	19199	19199	19199	19191	19182	19182	19174	999999	19171	19171	19163	999999	19197	19197	19197	19189	0
19190	19190	19190	999999	19203	19203	19203	999999	19186	19186	19186	999999	19212	19212	19212	999999	19199	19199	19199	999999	19179	19179	19179	19171	999999	999999	0	999999	19195	19195	19195	999999	19199	19199	19199	999999	19182	19182	19182	19174	19171	19171	19171	19163	19197	19197	19197	999999	0
19190	19190	19190	19190	19203	19203	19203	19203	19186	19186	19186	19186	19212	19212	19212	19212	19199	19199	19199	19199	19179	19179	19179	19179	999999	999999	999999	0	19195	19195	19195	19195	19199	19199	19199	19199	19182	19182	19182	19182	19171	19171	19171	19171	19197	19197	19197	19197	0
19190	19190	19182	999999	19203	19203	19195	999999	19186	19186	19178	999999	19212	19212	19212	19204	19199	19199	19191	999999	19179	19171	999999	999999	0	999999	999999	999999	19195	19195	19187	999999	19199	19199	19191	999999	19182	19174	999999	999999	19171	19163	999999	999999	19197	19197	19189	999999	0
19215	19215	999999	999999	19178	19178	19170	999999	19173	19173	19165	999999	19210	19210	999999	999999	19171	19171	19163	999999	19185	19185	19177	999999	19195	19195	19195	19187	999999	0	999999	999999	19190	19190	19190	19182	19195	19195	19195	19187	19188	19188	19188	19180	19207	19207	999999	999999	0
19215	19215	19215	999999	19178	19178	19178	19170	19173	19173	19173	19165	19210	19210	19210	999999	19171	19171	19171	19163	19185	19185	19185	19177	19195	19195	19195	999999	999999	999999	0	999999	19190	19190	19190	999999	19195	19195	19195	999999	19188	19188	19188	999999	19207	19207	19207	999999	0
19215	19215	19215	19215	19178	19178	19178	19178	19173	19173	19173	19173	19210	19210	19210	19210	19171	19171	19171	19171	19185	19185	19185	19185	19195	19195	19195	19195	999999	999999	999999	0	19190	19190	19190	19190	19195	19195	19195	19195	19188	19188	19188	19188	19207	19207	19207	19207	0
19215	19215	19215	19207	19178	19170	999999	999999	19173	19165	999999	999999	19210	19210	19210	19202	19171	19163	999999	999999	19185	19177	999999	999999	19195	19195	19187	999999	0	999999	999999	999999	19190	19190	19182	999999	19195	19195	19187	999999	19188	19188	19180	999999	19207	19207	19207	19199	0
19205	19205	19205	19197	19182	19182	19174	999999	19191	19191	19191	19183	19184	19184	19176	999999	19197	19197	19197	19189	19200	19200	19200	19192	19199	19199	19199	19191	19190	19190	19190	19182	999999	0	999999	999999	19184	19184	19176	999999	19196	19196	19196	19188	19186	19186	19186	19178	0
19205	19205	19205	999999	19182	19182	19182	19174	19191	19191	19191	999999	19184	19184	19184	19176	19197	19197	19197	999999	19200	19200	19200	999999	19199	19199	19199	999999	19190	19190	19190	999999	999999	999999	0	999999	19184	19184	19184	19176	19196	19196	19196	999999	19186	19186	19186	999999	0
19205	19205	19205	19205	19182	19182	19182	19182	19191	19191	19191	19191	19184	19184	19184	19184	19197	19197	19197	19197	19200	19200	19200	19200	19199	19199	19199	19199	19190	19190	19190	19190	999999	999999	999999	0	19184	19184	19184	19184	19196	19196	19196	19196	19186	19186	19186	19186	0
19205	19205	19197	999999	19182	19174	999999	999999	19191	19191	19183	999999	19184	19176	999999	999999	19197	19197	19189	999999	19200	19200	19192	999999	19199	19199	19191	999999	19190	19190	19182	999999	0	999999	999999	999999	19184	19176	999999	999999	19196	19196	19188	999999	19186	19186	19178	999999	0
19186	19186	19186	19178	19196	19196	19196	19188	19190	19190	19190	19182	19193	19193	19193	19185	19201	19201	19201	19193	19191	19191	19191	19183	19182	19182	19174	999999	19195	19195	19195	19187	19184	19184	19176	999999	999999	0	999999	999999	19183	19183	19175	999999	19180	19180	19172	999999	0
19186	19186	19186	999999	19196	19196	19196	999999	19190	19190	19190	999999	19193	19193	19193	999999	19201	19201	19201	999999	19191	19191	19191	999999	19182	19182	19182	19174	19195	19195	19195	999999	19184	19184	19184	19176	999999	999999	0	999999	19183	19183	19183	19175	19180	19180	19180	19172	0
19186	19186	19186	19186	19196	19196	19196	19196	19190	19190	19190	19190	19193	19193	19193	19193	19201	19201	19201	19201	19191	19191	19191	19191	19182	19182	19182	19182	19195	19195	19195	19195	19184	19184	19184	19184	999999	999999	999999	0	19183	19183	19183	19183	19180	19180	19180	19180	0
19186	19186	19178	999999	19196	19196	19188	999999	19190	19190	19182	999999	19193	19193	19185	999999	19201	19201	19193	999999	19191	19191	19183	999999	19182	19174	999999	999999	19195	19195	19187	999999	19184	19176	999999	999999	0	999999	999999	999999	19183	19175	999999	999999	19180	19172	999999	999999	0
19196	19196	19196	19188	19197	19197	19197	19189	19179	19179	19171	999999	19211	19211	999999	999999	19192	19192	19192	19184	19173	19173	19165	999999	19171	19171	19163	999999	19188	19188	19188	19180	19196	19196	19196	19188	19183	19183	19175	999999	999999	0	999999	999999	19199	19199	19199	19191	0
19196	19196	19196	999999	19197	19197	19197	999999	19179	19179	19179	19171	19211	19211	19211	999999	19192	19192	19192	999999	19173	19173	19173	19165	19171	19171	19171	19163	19188	19188	19188	999999	19196	19196	19196	999999	19183	19183	19183	19175	999999	999999	0	999999	19199	19199	19199	999999	0
19196	19196	19196	19196	19197	19197	19197	19197	19179	19179	19179	19179	19211	19211	19211	19211	19192	19192	19192	19192	19173	19173	19173	19173	19171	19171	19171	19171	19188	19188	19188	19188	19196	19196	19196	19196	19183	19183	19183	19183	999999	999999	999999	0	19199	19199	19199	19199	0
19196	19196	19188	999999	19197	19197	19189	999999	19179	19171	999999	999999	19211	19211	19211	19203	19192	19192	19184	999999	19173	19165	999999	999999	19171	19163	999999	999999	19188	19188	19180	999999	19196	19196	19188	999999	19183	19175	999999	999999	0	999999	999999	999999	19199	19199	19191	999999	0
19187	19187	19187	19179	19203	19203	19203	19195	19204	19204	19204	19196	19182	19182	19174	999999	19214	19214	999999	999999	19207	19207	999999	999999	19197	19197	19197	19189	19207	19207	999999	999999	19186	19186	19186	19178	19180	19180	19172	999999	19199	19199	19199	19191	999999	0	999999	999999	0
19187	19187	19187	999999	19203	19203	19203	999999	19204	19204	19204	999999	19182	19182	19182	19174	19214	19214	19214	999999	19207	19207	19207	999999	19197	19197	19197	999999	19207	19207	19207	999999	19186	19186	19186	999999	19180	19180	19180	19172	19199	19199	19199	999999	999999	999999	0	999999	0
19187	19187	19187	19187	19203	19203	19203	19203	19204	19204	19204	19204	19182	19182	19182	19182	19214	19214	19214	19214	19207	19207	19207	19207	19197	19197	19197	19197	19207	19207	19207	19207	19186	19186	19186	19186	19180	19180	19180	19180	19199	19199	19199	19199	999999	999999	999999	0	0
19187	19187	19179	999999	19203	19203	19195	999999	19204	19204	19196	999999	19182	19174	999999	999999	19214	19214	19214	19206	19207	19207	19207	19199	19197	19197	19189	999999	19207	19207	19207	19199	19186	19186	19178	999999	19180	19172	999999	999999	19199	19199	19191	999999	0	999999	999999	999999	0
19156	999999	999999	999999	19156	999999	999999	999999	19156	999999	999999	999999	19156	999999	999999	999999	19156	999999	999999	999999	19156	999999	999999	999999	19156	999999	999999	999999	19156	999999	999999	999999	19156	999999	999999	999999	19156	999999	999999	999999	19156	999999	999999	999999	19156	999999	999999	999999	999999
GTSP_SET_SECTION:
1 1 2 3 4 -1
2 5 6 7 8 -1
3 9 10 11 12 -1
4 13 14 15 16 -1
5 17 18 19 20 -1
6 21 22 23 24 -1
7 25 26 27 28 -1
8 29 30 31 32 -1
9 33 34 35 36 -1
10 37 38 39 40 -1
11 41 42 43 44 -1
12 45 46 47 48 -1
13 49 -1
EOF