NAME:  test1
TYPE: AGTSP
COMMENT: gtsp tours
DIMENSION:  49
GTSP_SETS: 13
EDGE_WEIGHT_TYPE: EXPLICIT
EDGE_WEIGHT_FORMAT: FULL_MATRIX 
EDGE_WEIGHT_SECTION
999999	0	999999	999999	19685	19685	999999	999999	19683	19683	999999	999999	19672	19672	19672	19664	19666	19666	19666	19658	19666	19666	19666	19658	19653	19653	19653	19645	19675	19675	999999	999999	19684	19684	999999	999999	19689	19689	999999	999999	19699	19699	999999	999999	19684	19684	999999	999999	0
999999	999999	0	999999	19685	19685	19685	999999	19683	19683	19683	999999	19672	19672	19672	999999	19666	19666	19666	999999	19666	19666	19666	999999	19653	19653	19653	999999	19675	19675	19675	999999	19684	19684	19684	999999	19689	19689	19689	999999	19699	19699	19699	999999	19684	19684	19684	999999	0
999999	999999	999999	0	19685	19685	19685	19685	19683	19683	19683	19683	19672	19672	19672	19672	19666	19666	19666	19666	19666	19666	19666	19666	19653	19653	19653	19653	19675	19675	19675	19675	19684	19684	19684	19684	19689	19689	19689	19689	19699	19699	19699	19699	19684	19684	19684	19684	0
0	999999	999999	999999	19685	19685	19685	19677	19683	19683	19683	19675	19672	19672	19664	999999	19666	19666	19658	999999	19666	19666	19658	999999	19653	19653	19645	999999	19675	19675	19675	19667	19684	19684	19684	19676	19689	19689	19689	19681	19699	999999	999999	999999	19684	19684	19684	19676	0
19685	19685	999999	999999	999999	0	999999	999999	19649	19649	19641	999999	19657	19657	19657	19649	19666	19666	19666	19658	19653	19653	19653	19645	19675	19675	999999	999999	19657	19657	19657	19649	19663	19663	19663	19655	19649	19649	19641	999999	19654	19654	19654	19646	19636	19636	19628	999999	0
19685	19685	19685	999999	999999	999999	0	999999	19649	19649	19649	19641	19657	19657	19657	999999	19666	19666	19666	999999	19653	19653	19653	999999	19675	19675	19675	999999	19657	19657	19657	999999	19663	19663	19663	999999	19649	19649	19649	19641	19654	19654	19654	999999	19636	19636	19636	19628	0
19685	19685	19685	19685	999999	999999	999999	0	19649	19649	19649	19649	19657	19657	19657	19657	19666	19666	19666	19666	19653	19653	19653	19653	19675	19675	19675	19675	19657	19657	19657	19657	19663	19663	19663	19663	19649	19649	19649	19649	19654	19654	19654	19654	19636	19636	19636	19636	0
19685	19685	19685	19677	0	999999	999999	999999	19649	19641	999999	999999	19657	19657	19649	999999	19666	19666	19658	999999	19653	19653	19645	999999	19675	19675	19675	19667	19657	19657	19649	999999	19663	19663	19655	999999	19649	19641	999999	999999	19654	19654	19646	999999	19636	19628	999999	999999	0
19683	19683	999999	999999	19649	19649	19641	999999	999999	0	999999	999999	19642	19642	19634	999999	19652	19652	19652	19644	19647	19647	19639	999999	19681	19681	999999	999999	19672	19672	19672	19664	19644	19644	19636	999999	19668	19668	19668	19660	19673	19673	999999	999999	19655	19655	19655	19647	0
19683	19683	19683	999999	19649	19649	19649	19641	999999	999999	0	999999	19642	19642	19642	19634	19652	19652	19652	999999	19647	19647	19647	19639	19681	19681	19681	999999	19672	19672	19672	999999	19644	19644	19644	19636	19668	19668	19668	999999	19673	19673	19673	999999	19655	19655	19655	999999	0
19683	19683	19683	19683	19649	19649	19649	19649	999999	999999	999999	0	19642	19642	19642	19642	19652	19652	19652	19652	19647	19647	19647	19647	19681	19681	19681	19681	19672	19672	19672	19672	19644	19644	19644	19644	19668	19668	19668	19668	19673	19673	19673	19673	19655	19655	19655	19655	0
19683	19683	19683	19675	19649	19641	999999	999999	0	999999	999999	999999	19642	19634	999999	999999	19652	19652	19644	999999	19647	19639	999999	999999	19681	19681	19681	19673	19672	19672	19664	999999	19644	19636	999999	999999	19668	19668	19660	999999	19673	19673	19673	19665	19655	19655	19647	999999	0
19672	19672	19672	19664	19657	19657	19657	19649	19642	19642	19634	999999	999999	0	999999	999999	19640	19640	19632	999999	19640	19640	19632	999999	19675	19675	999999	999999	19673	19673	999999	999999	19643	19643	19635	999999	19674	19674	999999	999999	19681	19681	999999	999999	19662	19662	19662	19654	0
19672	19672	19672	999999	19657	19657	19657	999999	19642	19642	19642	19634	999999	999999	0	999999	19640	19640	19640	19632	19640	19640	19640	19632	19675	19675	19675	999999	19673	19673	19673	999999	19643	19643	19643	19635	19674	19674	19674	999999	19681	19681	19681	999999	19662	19662	19662	999999	0
19672	19672	19672	19672	19657	19657	19657	19657	19642	19642	19642	19642	999999	999999	999999	0	19640	19640	19640	19640	19640	19640	19640	19640	19675	19675	19675	19675	19673	19673	19673	19673	19643	19643	19643	19643	19674	19674	19674	19674	19681	19681	19681	19681	19662	19662	19662	19662	0
19672	19672	19664	999999	19657	19657	19649	999999	19642	19634	999999	999999	0	999999	999999	999999	19640	19632	999999	999999	19640	19632	999999	999999	19675	19675	19675	19667	19673	19673	19673	19665	19643	19635	999999	999999	19674	19674	19674	19666	19681	19681	19681	19673	19662	19662	19654	999999	0
19666	19666	19666	19658	19666	19666	19666	19658	19652	19652	19652	19644	19640	19640	19632	999999	999999	0	999999	999999	19645	19645	19637	999999	19674	19674	999999	999999	19678	19678	999999	999999	19648	19648	19640	999999	19682	19682	999999	999999	19689	19689	999999	999999	19670	19670	19670	19662	0
19666	19666	19666	999999	19666	19666	19666	999999	19652	19652	19652	999999	19640	19640	19640	19632	999999	999999	0	999999	19645	19645	19645	19637	19674	19674	19674	999999	19678	19678	19678	999999	19648	19648	19648	19640	19682	19682	19682	999999	19689	19689	19689	999999	19670	19670	19670	999999	0
19666	19666	19666	19666	19666	19666	19666	19666	19652	19652	19652	19652	19640	19640	19640	19640	999999	999999	999999	0	19645	19645	19645	19645	19674	19674	19674	19674	19678	19678	19678	19678	19648	19648	19648	19648	19682	19682	19682	19682	19689	19689	19689	19689	19670	19670	19670	19670	0
19666	19666	19658	999999	19666	19666	19658	999999	19652	19652	19644	999999	19640	19632	999999	999999	0	999999	999999	999999	19645	19637	999999	999999	19674	19674	19674	19666	19678	19678	19678	19670	19648	19640	999999	999999	19682	19682	19682	19674	19689	19689	19689	19681	19670	19670	19662	999999	0
19666	19666	19666	19658	19653	19653	19653	19645	19647	19647	19639	999999	19640	19640	19632	999999	19645	19645	19637	999999	999999	0	999999	999999	19665	19665	19665	19657	19663	19663	19663	19655	19653	19653	19653	19645	19667	19667	19667	19659	19675	19675	999999	999999	19656	19656	19656	19648	0
19666	19666	19666	999999	19653	19653	19653	999999	19647	19647	19647	19639	19640	19640	19640	19632	19645	19645	19645	19637	999999	999999	0	999999	19665	19665	19665	999999	19663	19663	19663	999999	19653	19653	19653	999999	19667	19667	19667	999999	19675	19675	19675	999999	19656	19656	19656	999999	0
19666	19666	19666	19666	19653	19653	19653	19653	19647	19647	19647	19647	19640	19640	19640	19640	19645	19645	19645	19645	999999	999999	999999	0	19665	19665	19665	19665	19663	19663	19663	19663	19653	19653	19653	19653	19667	19667	19667	19667	19675	19675	19675	19675	19656	19656	19656	19656	0
19666	19666	19658	999999	19653	19653	19645	999999	19647	19639	999999	999999	19640	19632	999999	999999	19645	19637	999999	999999	0	999999	999999	999999	19665	19665	19657	999999	19663	19663	19655	999999	19653	19653	19645	999999	19667	19667	19659	999999	19675	19675	19675	19667	19656	19656	19648	999999	0
19653	19653	19653	19645	19675	19675	999999	999999	19681	19681	999999	999999	19675	19675	999999	999999	19674	19674	999999	999999	19665	19665	19665	19657	999999	0	999999	999999	19656	19656	19656	19648	19688	19688	999999	999999	19672	19672	999999	999999	19681	19681	999999	999999	19672	19672	999999	999999	0
19653	19653	19653	999999	19675	19675	19675	999999	19681	19681	19681	999999	19675	19675	19675	999999	19674	19674	19674	999999	19665	19665	19665	999999	999999	999999	0	999999	19656	19656	19656	999999	19688	19688	19688	999999	19672	19672	19672	999999	19681	19681	19681	999999	19672	19672	19672	999999	0
19653	19653	19653	19653	19675	19675	19675	19675	19681	19681	19681	19681	19675	19675	19675	19675	19674	19674	19674	19674	19665	19665	19665	19665	999999	999999	999999	0	19656	19656	19656	19656	19688	19688	19688	19688	19672	19672	19672	19672	19681	19681	19681	19681	19672	19672	19672	19672	0
19653	19653	19645	999999	19675	19675	19675	19667	19681	19681	19681	19673	19675	19675	19675	19667	19674	19674	19674	19666	19665	19665	19657	999999	0	999999	999999	999999	19656	19656	19648	999999	19688	19688	19688	19680	19672	19672	19672	19664	19681	19681	19681	19673	19672	19672	19672	19664	0
19675	19675	999999	999999	19657	19657	19657	19649	19672	19672	19672	19664	19673	19673	999999	999999	19678	19678	999999	999999	19663	19663	19663	19655	19656	19656	19656	19648	999999	0	999999	999999	19684	19684	999999	999999	19647	19647	19639	999999	19655	19655	19655	19647	19651	19651	19651	19643	0
19675	19675	19675	999999	19657	19657	19657	999999	19672	19672	19672	999999	19673	19673	19673	999999	19678	19678	19678	999999	19663	19663	19663	999999	19656	19656	19656	999999	999999	999999	0	999999	19684	19684	19684	999999	19647	19647	19647	19639	19655	19655	19655	999999	19651	19651	19651	999999	0
19675	19675	19675	19675	19657	19657	19657	19657	19672	19672	19672	19672	19673	19673	19673	19673	19678	19678	19678	19678	19663	19663	19663	19663	19656	19656	19656	19656	999999	999999	999999	0	19684	19684	19684	19684	19647	19647	19647	19647	19655	19655	19655	19655	19651	19651	19651	19651	0
19675	19675	19675	19667	19657	19657	19649	999999	19672	19672	19664	999999	19673	19673	19673	19665	19678	19678	19678	19670	19663	19663	19655	999999	19656	19656	19648	999999	0	999999	999999	999999	19684	19684	19684	19676	19647	19639	999999	999999	19655	19655	19647	999999	19651	19651	19643	999999	0
19684	19684	999999	999999	19663	19663	19663	19655	19644	19644	19636	999999	19643	19643	19635	999999	19648	19648	19640	999999	19653	19653	19653	19645	19688	19688	999999	999999	19684	19684	999999	999999	999999	0	999999	999999	19682	19682	999999	999999	19687	19687	999999	999999	19669	19669	19669	19661	0
19684	19684	19684	999999	19663	19663	19663	999999	19644	19644	19644	19636	19643	19643	19643	19635	19648	19648	19648	19640	19653	19653	19653	999999	19688	19688	19688	999999	19684	19684	19684	999999	999999	999999	0	999999	19682	19682	19682	999999	19687	19687	19687	999999	19669	19669	19669	999999	0
19684	19684	19684	19684	19663	19663	19663	19663	19644	19644	19644	19644	19643	19643	19643	19643	19648	19648	19648	19648	19653	19653	19653	19653	19688	19688	19688	19688	19684	19684	19684	19684	999999	999999	999999	0	19682	19682	19682	19682	19687	19687	19687	19687	19669	19669	19669	19669	0
19684	19684	19684	19676	19663	19663	19655	999999	19644	19636	999999	999999	19643	19635	999999	999999	19648	19640	999999	999999	19653	19653	19645	999999	19688	19688	19688	19680	19684	19684	19684	19676	0	999999	999999	999999	19682	19682	19682	19674	19687	19687	19687	19679	19669	19669	19661	999999	0
19689	19689	999999	999999	19649	19649	19641	999999	19668	19668	19668	19660	19674	19674	999999	999999	19682	19682	999999	999999	19667	19667	19667	19659	19672	19672	999999	999999	19647	19647	19639	999999	19682	19682	999999	999999	999999	0	999999	999999	19639	19639	19631	999999	19643	19643	19635	999999	0
19689	19689	19689	999999	19649	19649	19649	19641	19668	19668	19668	999999	19674	19674	19674	999999	19682	19682	19682	999999	19667	19667	19667	999999	19672	19672	19672	999999	19647	19647	19647	19639	19682	19682	19682	999999	999999	999999	0	999999	19639	19639	19639	19631	19643	19643	19643	19635	0
19689	19689	19689	19689	19649	19649	19649	19649	19668	19668	19668	19668	19674	19674	19674	19674	19682	19682	19682	19682	19667	19667	19667	19667	19672	19672	19672	19672	19647	19647	19647	19647	19682	19682	19682	19682	999999	999999	999999	0	19639	19639	19639	19639	19643	19643	19643	19643	0
19689	19689	19689	19681	19649	19641	999999	999999	19668	19668	19660	999999	19674	19674	19674	19666	19682	19682	19682	19674	19667	19667	19659	999999	19672	19672	19672	19664	19647	19639	999999	999999	19682	19682	19682	19674	0	999999	999999	999999	19639	19631	999999	999999	19643	19635	999999	999999	0
19699	19699	999999	999999	19654	19654	19654	19646	19673	19673	999999	999999	19681	19681	999999	999999	19689	19689	999999	999999	19675	19675	999999	999999	19681	19681	999999	999999	19655	19655	19655	19647	19687	19687	999999	999999	19639	19639	19631	999999	999999	0	999999	999999	19649	19649	19641	999999	0
19699	19699	19699	999999	19654	19654	19654	999999	19673	19673	19673	999999	19681	19681	19681	999999	19689	19689	19689	999999	19675	19675	19675	999999	19681	19681	19681	999999	19655	19655	19655	999999	19687	19687	19687	999999	19639	19639	19639	19631	999999	999999	0	999999	19649	19649	19649	19641	0
19699	19699	19699	19699	19654	19654	19654	19654	19673	19673	19673	19673	19681	19681	19681	19681	19689	19689	19689	19689	19675	19675	19675	19675	19681	19681	19681	19681	19655	19655	19655	19655	19687	19687	19687	19687	19639	19639	19639	19639	999999	999999	999999	0	19649	19649	19649	19649	0
19699	999999	999999	999999	19654	19654	19646	999999	19673	19673	19673	19665	19681	19681	19681	19673	19689	19689	19689	19681	19675	19675	19675	19667	19681	19681	19681	19673	19655	19655	19647	999999	19687	19687	19687	19679	19639	19631	999999	999999	0	999999	999999	999999	19649	19641	999999	999999	0
19684	19684	999999	999999	19636	19636	19628	999999	19655	19655	19655	19647	19662	19662	19662	19654	19670	19670	19670	19662	19656	19656	19656	19648	19672	19672	999999	999999	19651	19651	19651	19643	19669	19669	19669	19661	19643	19643	19635	999999	19649	19649	19641	999999	999999	0	999999	999999	0
19684	19684	19684	999999	19636	19636	19636	19628	19655	19655	19655	999999	19662	19662	19662	999999	19670	19670	19670	999999	19656	19656	19656	999999	19672	19672	19672	999999	19651	19651	19651	999999	19669	19669	19669	999999	19643	19643	19643	19635	19649	19649	19649	19641	999999	999999	0	999999	0
19684	19684	19684	19684	19636	19636	19636	19636	19655	19655	19655	19655	19662	19662	19662	19662	19670	19670	19670	19670	19656	19656	19656	19656	19672	19672	19672	19672	19651	19651	19651	19651	19669	19669	19669	19669	19643	19643	19643	19643	19649	19649	19649	19649	999999	999999	999999	0	0
19684	19684	19684	19676	19636	19628	999999	999999	19655	19655	19647	999999	19662	19662	19654	999999	19670	19670	19662	999999	19656	19656	19648	999999	19672	19672	19672	19664	19651	19651	19643	999999	19669	19669	19661	999999	19643	19635	999999	999999	19649	19641	999999	999999	0	999999	999999	999999	0
19622	999999	999999	999999	19622	999999	999999	999999	19622	999999	999999	999999	19622	999999	999999	999999	19622	999999	999999	999999	19622	999999	999999	999999	19622	999999	999999	999999	19622	999999	999999	999999	19622	999999	999999	999999	19622	999999	999999	999999	19622	999999	999999	999999	19622	999999	999999	999999	999999
GTSP_SET_SECTION:
1 1 2 3 4 -1
2 5 6 7 8 -1
3 9 10 11 12 -1
4 13 14 15 16 -1
5 17 18 19 20 -1
6 21 22 23 24 -1
7 25 26 27 28 -1
8 29 30 31 32 -1
9 33 34 35 36 -1
10 37 38 39 40 -1
11 41 42 43 44 -1
12 45 46 47 48 -1
13 49 -1
EOF