NAME:  test1
TYPE: AGTSP
COMMENT: gtsp tours
DIMENSION:  73
GTSP_SETS: 13
EDGE_WEIGHT_TYPE: EXPLICIT
EDGE_WEIGHT_FORMAT: FULL_MATRIX 
EDGE_WEIGHT_SECTION
999999	0	999999	999999	999999	999999	30782	30782	30774	999999	999999	999999	30804	30804	30804	30804	30796	999999	30780	30780	30772	999999	999999	999999	30793	30793	30793	30785	999999	999999	30792	30792	30792	30784	999999	999999	30791	30791
999999	999999	0	999999	999999	999999	30782	30782	30782	30774	999999	999999	30804	30804	30804	30804	30804	30796	30780	30780	30780	30772	999999	999999	30793	30793	30793	30793	30785	999999	30792	30792	30792	30792	30784	999999	30791	30791
999999	999999	999999	0	999999	999999	30782	30782	30782	30782	30774	999999	30804	30804	30804	30804	999999	999999	30780	30780	30780	30780	30772	999999	30793	30793	30793	30793	30793	30785	30792	30792	30792	30792	30792	30784	30791	30791
999999	999999	999999	999999	0	999999	30782	30782	30782	30782	30782	30774	30804	30804	30804	30804	30804	999999	30780	30780	30780	30780	30780	30772	30793	30793	30793	30793	30793	999999	30792	30792	30792	30792	30792	999999	30791	30791
999999	999999	999999	999999	999999	0	30782	30782	30782	30782	30782	30782	30804	30804	30804	30804	30804	30804	30780	30780	30780	30780	30780	30780	30793	30793	30793	30793	30793	30793	30792	30792	30792	30792	30792	30792	30791	30791
0	999999	999999	999999	999999	999999	30782	30774	999999	999999	999999	999999	30804	30804	30804	30796	999999	999999	30780	30772	999999	999999	999999	999999	30793	30793	30785	999999	999999	999999	30792	30792	30784	999999	999999	999999	30791	30791
30782	30782	30774	999999	999999	999999	999999	0	999999	999999	999999	999999	30801	30801	30801	30801	30793	999999	30787	30787	30787	30779	999999	999999	30787	30787	30787	30779	999999	999999	30797	30797	30797	30789	999999	999999	30783	30783
30782	30782	30782	30774	999999	999999	999999	999999	0	999999	999999	999999	30801	30801	30801	30801	30801	30793	30787	30787	30787	30787	30779	999999	30787	30787	30787	30787	30779	999999	30797	30797	30797	30797	30789	999999	30783	30783
30782	30782	30782	30782	30774	999999	999999	999999	999999	0	999999	999999	30801	30801	30801	30801	999999	999999	30787	30787	30787	30787	30787	30779	30787	30787	30787	30787	30787	30779	30797	30797	30797	30797	30797	30789	30783	30783
30782	30782	30782	30782	30782	30774	999999	999999	999999	999999	0	999999	30801	30801	30801	30801	30801	999999	30787	30787	30787	30787	30787	999999	30787	30787	30787	30787	30787	999999	30797	30797	30797	30797	30797	999999	30783	30783
30782	30782	30782	30782	30782	30782	999999	999999	999999	999999	999999	0	30801	30801	30801	30801	30801	30801	30787	30787	30787	30787	30787	30787	30787	30787	30787	30787	30787	30787	30797	30797	30797	30797	30797	30797	30783	30783
30782	30774	999999	999999	999999	999999	0	999999	999999	999999	999999	999999	30801	30801	30801	30793	999999	999999	30787	30787	30779	999999	999999	999999	30787	30787	30779	999999	999999	999999	30797	30797	30789	999999	999999	999999	30783	30775
30804	30804	30804	30804	30796	999999	30801	30801	30801	30801	30793	999999	999999	0	999999	999999	999999	999999	30813	30813	30813	30813	30813	30805	30818	30818	30818	30818	30818	30810	30790	30790	30790	30782	999999	999999	30790	30790
30804	30804	30804	30804	30804	30796	30801	30801	30801	30801	30801	30793	999999	999999	0	999999	999999	999999	30813	30813	30813	999999	999999	999999	30818	30818	30818	999999	999999	999999	30790	30790	30790	30790	30782	999999	30790	30790
30804	30804	30804	30804	999999	999999	30801	30801	30801	30801	999999	999999	999999	999999	999999	0	999999	999999	30813	30813	30813	30813	999999	999999	30818	30818	30818	30818	999999	999999	30790	30790	30790	30790	30790	30782	30790	30790
30804	30804	30804	30804	30804	999999	30801	30801	30801	30801	30801	999999	999999	999999	999999	999999	0	999999	30813	30813	30813	30813	30813	999999	30818	30818	30818	30818	30818	999999	30790	30790	30790	30790	30790	999999	30790	30790
30804	30804	30804	30804	30804	30804	30801	30801	30801	30801	30801	30801	999999	999999	999999	999999	999999	0	30813	30813	30813	30813	30813	30813	30818	30818	30818	30818	30818	30818	30790	30790	30790	30790	30790	30790	30790	30790
30804	30804	30804	30796	999999	999999	30801	30801	30801	30793	999999	999999	0	999999	999999	999999	999999	999999	30813	30813	30813	30813	30805	999999	30818	30818	30818	30818	30810	999999	30790	30790	30782	999999	999999	999999	30790	30790
30780	30780	30772	999999	999999	999999	30787	30787	30787	30779	999999	999999	30813	30813	30813	30813	30813	30805	999999	0	999999	999999	999999	999999	30788	30788	30788	30780	999999	999999	30802	30802	30802	30802	30794	999999	30798	30798
30780	30780	30780	30772	999999	999999	30787	30787	30787	30787	30779	999999	30813	30813	30813	999999	999999	999999	999999	999999	0	999999	999999	999999	30788	30788	30788	30788	30780	999999	30802	30802	30802	30802	30802	30794	30798	30798
30780	30780	30780	30780	30772	999999	30787	30787	30787	30787	30787	30779	30813	30813	30813	30813	999999	999999	999999	999999	999999	0	999999	999999	30788	30788	30788	30788	30788	30780	30802	30802	30802	30802	999999	999999	30798	30798
30780	30780	30780	30780	30780	30772	30787	30787	30787	30787	30787	999999	30813	30813	30813	30813	30813	999999	999999	999999	999999	999999	0	999999	30788	30788	30788	30788	30788	999999	30802	30802	30802	30802	30802	999999	30798	30798
30780	30780	30780	30780	30780	30780	30787	30787	30787	30787	30787	30787	30813	30813	30813	30813	30813	30813	999999	999999	999999	999999	999999	0	30788	30788	30788	30788	30788	30788	30802	30802	30802	30802	30802	30802	30798	30798
30780	30772	999999	999999	999999	999999	30787	30787	30779	999999	999999	999999	30813	30813	30813	30813	30805	999999	0	999999	999999	999999	999999	999999	30788	30788	30780	999999	999999	999999	30802	30802	30802	30794	999999	999999	30798	30798
30793	30793	30793	30785	999999	999999	30787	30787	30787	30779	999999	999999	30818	30818	30818	30818	30818	30810	30788	30788	30788	30780	999999	999999	999999	0	999999	999999	999999	999999	30813	30813	30813	30813	30813	30805	30798	30798
30793	30793	30793	30793	30785	999999	30787	30787	30787	30787	30779	999999	30818	30818	30818	999999	999999	999999	30788	30788	30788	30788	30780	999999	999999	999999	0	999999	999999	999999	30813	30813	30813	999999	999999	999999	30798	30798
30793	30793	30793	30793	30793	30785	30787	30787	30787	30787	30787	30779	30818	30818	30818	30818	999999	999999	30788	30788	30788	30788	30788	30780	999999	999999	999999	0	999999	999999	30813	30813	30813	30813	999999	999999	30798	30798
30793	30793	30793	30793	30793	999999	30787	30787	30787	30787	30787	999999	30818	30818	30818	30818	30818	999999	30788	30788	30788	30788	30788	999999	999999	999999	999999	999999	0	999999	30813	30813	30813	30813	30813	999999	30798	30798
30793	30793	30793	30793	30793	30793	30787	30787	30787	30787	30787	30787	30818	30818	30818	30818	30818	30818	30788	30788	30788	30788	30788	30788	999999	999999	999999	999999	999999	0	30813	30813	30813	30813	30813	30813	30798	30798
30793	30793	30785	999999	999999	999999	30787	30787	30779	999999	999999	999999	30818	30818	30818	30818	30810	999999	30788	30788	30780	999999	999999	999999	0	999999	999999	999999	999999	999999	30813	30813	30813	30813	30805	999999	30798	30798
30792	30792	30792	30784	999999	999999	30797	30797	30797	30789	999999	999999	30790	30790	30790	30782	999999	999999	30802	30802	30802	30802	30794	999999	30813	30813	30813	30813	30813	30805	999999	0	999999	999999	999999	999999	30795	30795
30792	30792	30792	30792	30784	999999	30797	30797	30797	30797	30789	999999	30790	30790	30790	30790	30782	999999	30802	30802	30802	30802	30802	30794	30813	30813	30813	999999	999999	999999	999999	999999	0	999999	999999	999999	30795	30795
30792	30792	30792	30792	30792	30784	30797	30797	30797	30797	30797	30789	30790	30790	30790	30790	30790	30782	30802	30802	30802	30802	999999	999999	30813	30813	30813	30813	999999	999999	999999	999999	999999	0	999999	999999	30795	30795
30792	30792	30792	30792	30792	999999	30797	30797	30797	30797	30797	999999	30790	30790	30790	30790	30790	999999	30802	30802	30802	30802	30802	999999	30813	30813	30813	30813	30813	999999	999999	999999	999999	999999	0	999999	30795	30795
30792	30792	30792	30792	30792	30792	30797	30797	30797	30797	30797	30797	30790	30790	30790	30790	30790	30790	30802	30802	30802	30802	30802	30802	30813	30813	30813	30813	30813	30813	999999	999999	999999	999999	999999	0	30795	30795
30792	30792	30784	999999	999999	999999	30797	30797	30789	999999	999999	999999	30790	30790	30782	999999	999999	999999	30802	30802	30802	30794	999999	999999	30813	30813	30813	30813	30805	999999	0	999999	999999	999999	999999	999999	30795	30795
30791	30791	30791	30783	999999	999999	30783	30783	30775	999999	999999	999999	30790	30790	30790	30782	999999	999999	30798	30798	30798	30798	30790	999999	30798	30798	30798	30798	30790	999999	30795	30795	30795	30787	999999	999999	999999	0
30791	30791	30791	30791	30783	999999	30783	30783	30783	30775	999999	999999	30790	30790	30790	30790	30782	999999	30798	30798	30798	30798	30798	30790	30798	30798	30798	30798	30798	30790	30795	30795	30795	30795	30787	999999	999999	999999
GTSP_SET_SECTION:
1 1 2 3 4 5 6 -1
2 7 8 9 10 11 12 -1
3 13 14 15 16 17 18 -1
4 19 20 21 22 23 24 -1
5 25 26 27 28 29 30 -1
6 31 32 33 34 35 36 -1
7 37 38 39 40 41 42 -1
8 43 44 45 46 47 48 -1
9 49 50 51 52 53 54 -1
10 55 56 57 58 59 60 -1
11 61 62 63 64 65 66 -1
12 67 68 69 70 71 72 -1
13 73 -1
EOF