NAME:  test1
TYPE: AGTSP
COMMENT: gtsp tours
DIMENSION:  73
GTSP_SETS: 13
EDGE_WEIGHT_TYPE: EXPLICIT
EDGE_WEIGHT_FORMAT: FULL_MATRIX 
EDGE_WEIGHT_SECTION
999999	0	999999	999999	999999	999999	28976	28976	28976	28976	28968	999999	28992	28992	28992	28992	28992	28984	28980	28980	28980	28980	28980	28972	28947	28947	28939	999999	999999	999999	28985	28985	28985	28985	28985	28977	29006	29006
999999	999999	0	999999	999999	999999	28976	28976	28976	28976	28976	28968	28992	28992	28992	999999	999999	999999	28980	28980	28980	999999	999999	999999	28947	28947	28947	28939	999999	999999	28985	28985	28985	999999	999999	999999	29006	29006
999999	999999	999999	0	999999	999999	28976	28976	28976	28976	999999	999999	28992	28992	28992	28992	999999	999999	28980	28980	28980	28980	999999	999999	28947	28947	28947	28947	28939	999999	28985	28985	28985	28985	999999	999999	29006	29006
999999	999999	999999	999999	0	999999	28976	28976	28976	28976	28976	999999	28992	28992	28992	28992	28992	999999	28980	28980	28980	28980	28980	999999	28947	28947	28947	28947	28947	28939	28985	28985	28985	28985	28985	999999	29006	29006
999999	999999	999999	999999	999999	0	28976	28976	28976	28976	28976	28976	28992	28992	28992	28992	28992	28992	28980	28980	28980	28980	28980	28980	28947	28947	28947	28947	28947	28947	28985	28985	28985	28985	28985	28985	29006	29006
0	999999	999999	999999	999999	999999	28976	28976	28976	28968	999999	999999	28992	28992	28992	28992	28984	999999	28980	28980	28980	28980	28972	999999	28947	28939	999999	999999	999999	999999	28985	28985	28985	28985	28977	999999	29006	29006
28976	28976	28976	28976	28968	999999	999999	0	999999	999999	999999	999999	28953	28953	28953	28945	999999	999999	28958	28958	28958	28950	999999	999999	28978	28978	28978	28978	28970	999999	28951	28951	28943	999999	999999	999999	28969	28969
28976	28976	28976	28976	28976	28968	999999	999999	0	999999	999999	999999	28953	28953	28953	28953	28945	999999	28958	28958	28958	28958	28950	999999	28978	28978	28978	28978	28978	28970	28951	28951	28951	28943	999999	999999	28969	28969
28976	28976	28976	28976	999999	999999	999999	999999	999999	0	999999	999999	28953	28953	28953	28953	28953	28945	28958	28958	28958	28958	28958	28950	28978	28978	28978	28978	999999	999999	28951	28951	28951	28951	28943	999999	28969	28969
28976	28976	28976	28976	28976	999999	999999	999999	999999	999999	0	999999	28953	28953	28953	28953	28953	999999	28958	28958	28958	28958	28958	999999	28978	28978	28978	28978	28978	999999	28951	28951	28951	28951	28951	28943	28969	28969
28976	28976	28976	28976	28976	28976	999999	999999	999999	999999	999999	0	28953	28953	28953	28953	28953	28953	28958	28958	28958	28958	28958	28958	28978	28978	28978	28978	28978	28978	28951	28951	28951	28951	28951	28951	28969	28969
28976	28976	28976	28968	999999	999999	0	999999	999999	999999	999999	999999	28953	28953	28945	999999	999999	999999	28958	28958	28950	999999	999999	999999	28978	28978	28978	28970	999999	999999	28951	28943	999999	999999	999999	999999	28969	28969
28992	28992	28992	28992	28992	28984	28953	28953	28953	28945	999999	999999	999999	0	999999	999999	999999	999999	28965	28965	28965	28957	999999	999999	28994	28994	999999	999999	999999	999999	28952	28952	28952	28944	999999	999999	28956	28956
28992	28992	28992	999999	999999	999999	28953	28953	28953	28953	28945	999999	999999	999999	0	999999	999999	999999	28965	28965	28965	28965	28957	999999	28994	28994	28994	999999	999999	999999	28952	28952	28952	28952	28944	999999	28956	28956
28992	28992	28992	28992	999999	999999	28953	28953	28953	28953	28953	28945	999999	999999	999999	0	999999	999999	28965	28965	28965	28965	28965	28957	28994	28994	28994	28994	999999	999999	28952	28952	28952	28952	28952	28944	28956	28956
28992	28992	28992	28992	28992	999999	28953	28953	28953	28953	28953	999999	999999	999999	999999	999999	0	999999	28965	28965	28965	28965	28965	999999	28994	28994	28994	28994	28994	999999	28952	28952	28952	28952	28952	999999	28956	28956
28992	28992	28992	28992	28992	28992	28953	28953	28953	28953	28953	28953	999999	999999	999999	999999	999999	0	28965	28965	28965	28965	28965	28965	28994	28994	28994	28994	28994	28994	28952	28952	28952	28952	28952	28952	28956	28956
28992	28992	28992	28992	28984	999999	28953	28953	28945	999999	999999	999999	0	999999	999999	999999	999999	999999	28965	28965	28957	999999	999999	999999	28994	28994	28994	28994	28994	28986	28952	28952	28944	999999	999999	999999	28956	28956
28980	28980	28980	28980	28980	28972	28958	28958	28958	28950	999999	999999	28965	28965	28965	28957	999999	999999	999999	0	999999	999999	999999	999999	28986	28986	28986	28986	28986	28978	28951	28951	28943	999999	999999	999999	28969	28969
28980	28980	28980	999999	999999	999999	28958	28958	28958	28958	28950	999999	28965	28965	28965	28965	28957	999999	999999	999999	0	999999	999999	999999	28986	28986	28986	999999	999999	999999	28951	28951	28951	28943	999999	999999	28969	28969
28980	28980	28980	28980	999999	999999	28958	28958	28958	28958	28958	28950	28965	28965	28965	28965	28965	28957	999999	999999	999999	0	999999	999999	28986	28986	28986	28986	999999	999999	28951	28951	28951	28951	28943	999999	28969	28969
28980	28980	28980	28980	28980	999999	28958	28958	28958	28958	28958	999999	28965	28965	28965	28965	28965	999999	999999	999999	999999	999999	0	999999	28986	28986	28986	28986	28986	999999	28951	28951	28951	28951	28951	28943	28969	28969
28980	28980	28980	28980	28980	28980	28958	28958	28958	28958	28958	28958	28965	28965	28965	28965	28965	28965	999999	999999	999999	999999	999999	0	28986	28986	28986	28986	28986	28986	28951	28951	28951	28951	28951	28951	28969	28969
28980	28980	28980	28980	28972	999999	28958	28958	28950	999999	999999	999999	28965	28965	28957	999999	999999	999999	0	999999	999999	999999	999999	999999	28986	28986	28986	28986	28978	999999	28951	28943	999999	999999	999999	999999	28969	28969
28947	28947	28939	999999	999999	999999	28978	28978	28978	28978	28970	999999	28994	28994	999999	999999	999999	999999	28986	28986	28986	28986	28986	28978	999999	0	999999	999999	999999	999999	28990	28990	28990	28990	28990	28982	29010	29010
28947	28947	28947	28939	999999	999999	28978	28978	28978	28978	28978	28970	28994	28994	28994	999999	999999	999999	28986	28986	28986	999999	999999	999999	999999	999999	0	999999	999999	999999	28990	28990	28990	999999	999999	999999	29010	29010
28947	28947	28947	28947	28939	999999	28978	28978	28978	28978	999999	999999	28994	28994	28994	28994	999999	999999	28986	28986	28986	28986	999999	999999	999999	999999	999999	0	999999	999999	28990	28990	28990	28990	999999	999999	29010	29010
28947	28947	28947	28947	28947	28939	28978	28978	28978	28978	28978	999999	28994	28994	28994	28994	28994	999999	28986	28986	28986	28986	28986	999999	999999	999999	999999	999999	0	999999	28990	28990	28990	28990	28990	999999	29010	29010
28947	28947	28947	28947	28947	28947	28978	28978	28978	28978	28978	28978	28994	28994	28994	28994	28994	28994	28986	28986	28986	28986	28986	28986	999999	999999	999999	999999	999999	0	28990	28990	28990	28990	28990	28990	29010	29010
28947	28939	999999	999999	999999	999999	28978	28978	28978	28970	999999	999999	28994	28994	28994	28994	28994	28986	28986	28986	28986	28986	28978	999999	0	999999	999999	999999	999999	999999	28990	28990	28990	28990	28982	999999	29010	999999
28985	28985	28985	28985	28985	28977	28951	28951	28943	999999	999999	999999	28952	28952	28952	28944	999999	999999	28951	28951	28943	999999	999999	999999	28990	28990	28990	28990	28990	28982	999999	0	999999	999999	999999	999999	28958	28958
28985	28985	28985	999999	999999	999999	28951	28951	28951	28943	999999	999999	28952	28952	28952	28952	28944	999999	28951	28951	28951	28943	999999	999999	28990	28990	28990	999999	999999	999999	999999	999999	0	999999	999999	999999	28958	28958
28985	28985	28985	28985	999999	999999	28951	28951	28951	28951	28943	999999	28952	28952	28952	28952	28952	28944	28951	28951	28951	28951	28943	999999	28990	28990	28990	28990	999999	999999	999999	999999	999999	0	999999	999999	28958	28958
28985	28985	28985	28985	28985	999999	28951	28951	28951	28951	28951	28943	28952	28952	28952	28952	28952	999999	28951	28951	28951	28951	28951	28943	28990	28990	28990	28990	28990	999999	999999	999999	999999	999999	0	999999	28958	28958
28985	28985	28985	28985	28985	28985	28951	28951	28951	28951	28951	28951	28952	28952	28952	28952	28952	28952	28951	28951	28951	28951	28951	28951	28990	28990	28990	28990	28990	28990	999999	999999	999999	999999	999999	0	28958	28958
28985	28985	28985	28985	28977	999999	28951	28943	999999	999999	999999	999999	28952	28952	28944	999999	999999	999999	28951	28943	999999	999999	999999	999999	28990	28990	28990	28990	28982	999999	0	999999	999999	999999	999999	999999	28958	28958
29006	29006	999999	999999	999999	999999	28969	28969	28969	28969	28961	999999	28956	28956	28956	28948	999999	999999	28969	28969	28969	28969	28961	999999	29010	29010	999999	999999	999999	999999	28958	28958	28958	28950	999999	999999	999999	0
29006	29006	29006	999999	999999	999999	28969	28969	28969	28969	28969	28961	28956	28956	28956	28956	28948	999999	28969	28969	28969	28969	28969	28961	29010	29010	29010	999999	999999	999999	28958	28958	28958	28958	28950	999999	999999	999999
GTSP_SET_SECTION:
1 1 2 3 4 5 6 -1
2 7 8 9 10 11 12 -1
3 13 14 15 16 17 18 -1
4 19 20 21 22 23 24 -1
5 25 26 27 28 29 30 -1
6 31 32 33 34 35 36 -1
7 37 38 39 40 41 42 -1
8 43 44 45 46 47 48 -1
9 49 50 51 52 53 54 -1
10 55 56 57 58 59 60 -1
11 61 62 63 64 65 66 -1
12 67 68 69 70 71 72 -1
13 73 -1
EOF