NAME:  test1
TYPE: AGTSP
COMMENT: gtsp tours
DIMENSION:  73
GTSP_SETS: 13
EDGE_WEIGHT_TYPE: EXPLICIT
EDGE_WEIGHT_FORMAT: FULL_MATRIX 
EDGE_WEIGHT_SECTION
999999	0	999999	999999	999999	999999	19745	19745	19737	999999	999999	999999	19739	19739	19731	999999	999999	999999	19748	19748	19748	19740	999999	999999	19746	19746	19738	999999	999999	999999	19751	19751	19751	19743	999999	999999	19753	19753
999999	999999	0	999999	999999	999999	19745	19745	19745	19737	999999	999999	19739	19739	19739	19731	999999	999999	19748	19748	19748	19748	19740	999999	19746	19746	19746	19738	999999	999999	19751	19751	19751	19751	19743	999999	19753	19753
999999	999999	999999	0	999999	999999	19745	19745	19745	19745	19737	999999	19739	19739	19739	19739	19731	999999	19748	19748	19748	19748	19748	19740	19746	19746	19746	19746	19738	999999	19751	19751	19751	19751	19751	19743	19753	19753
999999	999999	999999	999999	0	999999	19745	19745	19745	19745	19745	19737	19739	19739	19739	19739	19739	19731	19748	19748	19748	19748	19748	999999	19746	19746	19746	19746	19746	19738	19751	19751	19751	19751	19751	999999	19753	19753
999999	999999	999999	999999	999999	0	19745	19745	19745	19745	19745	19745	19739	19739	19739	19739	19739	19739	19748	19748	19748	19748	19748	19748	19746	19746	19746	19746	19746	19746	19751	19751	19751	19751	19751	19751	19753	19753
0	999999	999999	999999	999999	999999	19745	19737	999999	999999	999999	999999	19739	19731	999999	999999	999999	999999	19748	19748	19740	999999	999999	999999	19746	19738	999999	999999	999999	999999	19751	19751	19743	999999	999999	999999	19753	19753
19745	19745	19737	999999	999999	999999	999999	0	999999	999999	999999	999999	19744	19744	19736	999999	999999	999999	19751	19751	19751	19743	999999	999999	19739	19739	19731	999999	999999	999999	19762	19762	19762	19762	19754	999999	19754	19754
19745	19745	19745	19737	999999	999999	999999	999999	0	999999	999999	999999	19744	19744	19744	19736	999999	999999	19751	19751	19751	19751	19743	999999	19739	19739	19739	19731	999999	999999	19762	19762	19762	19762	19762	19754	19754	19754
19745	19745	19745	19745	19737	999999	999999	999999	999999	0	999999	999999	19744	19744	19744	19744	19736	999999	19751	19751	19751	19751	19751	19743	19739	19739	19739	19739	19731	999999	19762	19762	19762	19762	999999	999999	19754	19754
19745	19745	19745	19745	19745	19737	999999	999999	999999	999999	0	999999	19744	19744	19744	19744	19744	19736	19751	19751	19751	19751	19751	999999	19739	19739	19739	19739	19739	19731	19762	19762	19762	19762	19762	999999	19754	19754
19745	19745	19745	19745	19745	19745	999999	999999	999999	999999	999999	0	19744	19744	19744	19744	19744	19744	19751	19751	19751	19751	19751	19751	19739	19739	19739	19739	19739	19739	19762	19762	19762	19762	19762	19762	19754	19754
19745	19737	999999	999999	999999	999999	0	999999	999999	999999	999999	999999	19744	19736	999999	999999	999999	999999	19751	19751	19743	999999	999999	999999	19739	19731	999999	999999	999999	999999	19762	19762	19762	19754	999999	999999	19754	19754
19739	19739	19731	999999	999999	999999	19744	19744	19736	999999	999999	999999	999999	0	999999	999999	999999	999999	19753	19753	19753	19745	999999	999999	19748	19748	19740	999999	999999	999999	19752	19752	19752	19744	999999	999999	19748	19748
19739	19739	19739	19731	999999	999999	19744	19744	19744	19736	999999	999999	999999	999999	0	999999	999999	999999	19753	19753	19753	19753	19745	999999	19748	19748	19748	19740	999999	999999	19752	19752	19752	19752	19744	999999	19748	19748
19739	19739	19739	19739	19731	999999	19744	19744	19744	19744	19736	999999	999999	999999	999999	0	999999	999999	19753	19753	19753	19753	19753	19745	19748	19748	19748	19748	19740	999999	19752	19752	19752	19752	19752	19744	19748	19748
19739	19739	19739	19739	19739	19731	19744	19744	19744	19744	19744	19736	999999	999999	999999	999999	0	999999	19753	19753	19753	19753	19753	999999	19748	19748	19748	19748	19748	19740	19752	19752	19752	19752	19752	999999	19748	19748
19739	19739	19739	19739	19739	19739	19744	19744	19744	19744	19744	19744	999999	999999	999999	999999	999999	0	19753	19753	19753	19753	19753	19753	19748	19748	19748	19748	19748	19748	19752	19752	19752	19752	19752	19752	19748	19748
19739	19731	999999	999999	999999	999999	19744	19736	999999	999999	999999	999999	0	999999	999999	999999	999999	999999	19753	19753	19745	999999	999999	999999	19748	19740	999999	999999	999999	999999	19752	19752	19744	999999	999999	999999	19748	19748
19748	19748	19748	19740	999999	999999	19751	19751	19751	19743	999999	999999	19753	19753	19753	19745	999999	999999	999999	0	999999	999999	999999	999999	19747	19747	19739	999999	999999	999999	19761	19761	19761	19753	999999	999999	19767	19767
19748	19748	19748	19748	19740	999999	19751	19751	19751	19751	19743	999999	19753	19753	19753	19753	19745	999999	999999	999999	0	999999	999999	999999	19747	19747	19747	19739	999999	999999	19761	19761	19761	19761	19753	999999	19767	19767
19748	19748	19748	19748	19748	19740	19751	19751	19751	19751	19751	19743	19753	19753	19753	19753	19753	19745	999999	999999	999999	0	999999	999999	19747	19747	19747	19747	19739	999999	19761	19761	19761	19761	19761	19753	19767	19767
19748	19748	19748	19748	19748	999999	19751	19751	19751	19751	19751	999999	19753	19753	19753	19753	19753	999999	999999	999999	999999	999999	0	999999	19747	19747	19747	19747	19747	19739	19761	19761	19761	19761	19761	999999	19767	19767
19748	19748	19748	19748	19748	19748	19751	19751	19751	19751	19751	19751	19753	19753	19753	19753	19753	19753	999999	999999	999999	999999	999999	0	19747	19747	19747	19747	19747	19747	19761	19761	19761	19761	19761	19761	19767	19767
19748	19748	19740	999999	999999	999999	19751	19751	19743	999999	999999	999999	19753	19753	19745	999999	999999	999999	0	999999	999999	999999	999999	999999	19747	19739	999999	999999	999999	999999	19761	19761	19753	999999	999999	999999	19767	19767
19746	19746	19738	999999	999999	999999	19739	19739	19731	999999	999999	999999	19748	19748	19740	999999	999999	999999	19747	19747	19739	999999	999999	999999	999999	0	999999	999999	999999	999999	19764	19764	19764	19764	19756	999999	19760	19760
19746	19746	19746	19738	999999	999999	19739	19739	19739	19731	999999	999999	19748	19748	19748	19740	999999	999999	19747	19747	19747	19739	999999	999999	999999	999999	0	999999	999999	999999	19764	19764	19764	19764	19764	19756	19760	19760
19746	19746	19746	19746	19738	999999	19739	19739	19739	19739	19731	999999	19748	19748	19748	19748	19740	999999	19747	19747	19747	19747	19739	999999	999999	999999	999999	0	999999	999999	19764	19764	19764	19764	999999	999999	19760	19760
19746	19746	19746	19746	19746	19738	19739	19739	19739	19739	19739	19731	19748	19748	19748	19748	19748	19740	19747	19747	19747	19747	19747	19739	999999	999999	999999	999999	0	999999	19764	19764	19764	19764	19764	999999	19760	19760
19746	19746	19746	19746	19746	19746	19739	19739	19739	19739	19739	19739	19748	19748	19748	19748	19748	19748	19747	19747	19747	19747	19747	19747	999999	999999	999999	999999	999999	0	19764	19764	19764	19764	19764	19764	19760	19760
19746	19738	999999	999999	999999	999999	19739	19731	999999	999999	999999	999999	19748	19740	999999	999999	999999	999999	19747	19739	999999	999999	999999	999999	0	999999	999999	999999	999999	999999	19764	19764	19764	19756	999999	999999	19760	19760
19751	19751	19751	19743	999999	999999	19762	19762	19762	19762	19754	999999	19752	19752	19752	19744	999999	999999	19761	19761	19761	19753	999999	999999	19764	19764	19764	19764	19756	999999	999999	0	999999	999999	999999	999999	19757	19757
19751	19751	19751	19751	19743	999999	19762	19762	19762	19762	19762	19754	19752	19752	19752	19752	19744	999999	19761	19761	19761	19761	19753	999999	19764	19764	19764	19764	19764	19756	999999	999999	0	999999	999999	999999	19757	19757
19751	19751	19751	19751	19751	19743	19762	19762	19762	19762	999999	999999	19752	19752	19752	19752	19752	19744	19761	19761	19761	19761	19761	19753	19764	19764	19764	19764	999999	999999	999999	999999	999999	0	999999	999999	19757	19757
19751	19751	19751	19751	19751	999999	19762	19762	19762	19762	19762	999999	19752	19752	19752	19752	19752	999999	19761	19761	19761	19761	19761	999999	19764	19764	19764	19764	19764	999999	999999	999999	999999	999999	0	999999	19757	19757
19751	19751	19751	19751	19751	19751	19762	19762	19762	19762	19762	19762	19752	19752	19752	19752	19752	19752	19761	19761	19761	19761	19761	19761	19764	19764	19764	19764	19764	19764	999999	999999	999999	999999	999999	0	19757	19757
19751	19751	19743	999999	999999	999999	19762	19762	19762	19754	999999	999999	19752	19752	19744	999999	999999	999999	19761	19761	19753	999999	999999	999999	19764	19764	19764	19756	999999	999999	0	999999	999999	999999	999999	999999	19757	19757
19753	19753	19753	19745	999999	999999	19754	19754	19754	19746	999999	999999	19748	19748	19748	19740	999999	999999	19767	19767	19767	19767	19759	999999	19760	19760	19760	19752	999999	999999	19757	19757	19757	19749	999999	999999	999999	0
19753	19753	19753	19753	19745	999999	19754	19754	19754	19754	19746	999999	19748	19748	19748	19748	19740	999999	19767	19767	19767	19767	19767	19759	19760	19760	19760	19760	19752	999999	19757	19757	19757	19757	19749	999999	999999	999999
GTSP_SET_SECTION:
1 1 2 3 4 5 6 -1
2 7 8 9 10 11 12 -1
3 13 14 15 16 17 18 -1
4 19 20 21 22 23 24 -1
5 25 26 27 28 29 30 -1
6 31 32 33 34 35 36 -1
7 37 38 39 40 41 42 -1
8 43 44 45 46 47 48 -1
9 49 50 51 52 53 54 -1
10 55 56 57 58 59 60 -1
11 61 62 63 64 65 66 -1
12 67 68 69 70 71 72 -1
13 73 -1
EOF