NAME:  test1
TYPE: AGTSP
COMMENT: gtsp tours
DIMENSION:  73
GTSP_SETS: 13
EDGE_WEIGHT_TYPE: EXPLICIT
EDGE_WEIGHT_FORMAT: FULL_MATRIX 
EDGE_WEIGHT_SECTION
999999	0	999999	999999	999999	999999	26193	26193	26193	26193	26193	26185	26161	26161	26161	26153	999999	999999	26172	26172	26172	26172	26164	999999	26187	26187	26187	26187	26187	26179	26181	26181	26181	26181	26173	999999	26185	26185
999999	999999	0	999999	999999	999999	26193	26193	26193	999999	999999	999999	26161	26161	26161	26161	26153	999999	26172	26172	26172	26172	26172	26164	26187	26187	26187	999999	999999	999999	26181	26181	26181	26181	26181	26173	26185	26185
999999	999999	999999	0	999999	999999	26193	26193	26193	26193	999999	999999	26161	26161	26161	26161	26161	26153	26172	26172	26172	26172	999999	999999	26187	26187	26187	26187	999999	999999	26181	26181	26181	26181	999999	999999	26185	26185
999999	999999	999999	999999	0	999999	26193	26193	26193	26193	26193	999999	26161	26161	26161	26161	26161	999999	26172	26172	26172	26172	26172	999999	26187	26187	26187	26187	26187	999999	26181	26181	26181	26181	26181	999999	26185	26185
999999	999999	999999	999999	999999	0	26193	26193	26193	26193	26193	26193	26161	26161	26161	26161	26161	26161	26172	26172	26172	26172	26172	26172	26187	26187	26187	26187	26187	26187	26181	26181	26181	26181	26181	26181	26185	26185
0	999999	999999	999999	999999	999999	26193	26193	26193	26193	26185	999999	26161	26161	26153	999999	999999	999999	26172	26172	26172	26164	999999	999999	26187	26187	26187	26187	26179	999999	26181	26181	26181	26173	999999	999999	26185	26185
26193	26193	26193	26193	26193	26185	999999	0	999999	999999	999999	999999	26189	26189	26189	26189	26189	26181	26186	26186	26186	26186	26186	26178	26153	26153	26145	999999	999999	999999	26158	26158	26158	26150	999999	999999	26158	26158
26193	26193	26193	999999	999999	999999	999999	999999	0	999999	999999	999999	26189	26189	26189	999999	999999	999999	26186	26186	26186	999999	999999	999999	26153	26153	26153	26145	999999	999999	26158	26158	26158	26158	26150	999999	26158	26158
26193	26193	26193	26193	999999	999999	999999	999999	999999	0	999999	999999	26189	26189	26189	26189	999999	999999	26186	26186	26186	26186	999999	999999	26153	26153	26153	26153	26145	999999	26158	26158	26158	26158	26158	26150	26158	26158
26193	26193	26193	26193	26193	999999	999999	999999	999999	999999	0	999999	26189	26189	26189	26189	26189	999999	26186	26186	26186	26186	26186	999999	26153	26153	26153	26153	26153	26145	26158	26158	26158	26158	26158	999999	26158	26158
26193	26193	26193	26193	26193	26193	999999	999999	999999	999999	999999	0	26189	26189	26189	26189	26189	26189	26186	26186	26186	26186	26186	26186	26153	26153	26153	26153	26153	26153	26158	26158	26158	26158	26158	26158	26158	26158
26193	26193	26193	26193	26185	999999	0	999999	999999	999999	999999	999999	26189	26189	26189	26189	26181	999999	26186	26186	26186	26186	26178	999999	26153	26145	999999	999999	999999	999999	26158	26158	26150	999999	999999	999999	26158	26158
26161	26161	26161	26153	999999	999999	26189	26189	26189	26189	26189	26181	999999	0	999999	999999	999999	999999	26153	26153	26145	999999	999999	999999	26187	26187	26187	26187	26187	26179	26183	26183	26183	26183	26175	999999	26188	26188
26161	26161	26161	26161	26153	999999	26189	26189	26189	999999	999999	999999	999999	999999	0	999999	999999	999999	26153	26153	26153	26145	999999	999999	26187	26187	26187	999999	999999	999999	26183	26183	26183	26183	26183	26175	26188	26188
26161	26161	26161	26161	26161	26153	26189	26189	26189	26189	999999	999999	999999	999999	999999	0	999999	999999	26153	26153	26153	26153	26145	999999	26187	26187	26187	26187	999999	999999	26183	26183	26183	26183	999999	999999	26188	26188
26161	26161	26161	26161	26161	999999	26189	26189	26189	26189	26189	999999	999999	999999	999999	999999	0	999999	26153	26153	26153	26153	26153	26145	26187	26187	26187	26187	26187	999999	26183	26183	26183	26183	26183	999999	26188	26188
26161	26161	26161	26161	26161	26161	26189	26189	26189	26189	26189	26189	999999	999999	999999	999999	999999	0	26153	26153	26153	26153	26153	26153	26187	26187	26187	26187	26187	26187	26183	26183	26183	26183	26183	26183	26188	26188
26161	26161	26153	999999	999999	999999	26189	26189	26189	26189	26181	999999	0	999999	999999	999999	999999	999999	26153	26145	999999	999999	999999	999999	26187	26187	26187	26187	26179	999999	26183	26183	26183	26175	999999	999999	26188	26188
26172	26172	26172	26172	26164	999999	26186	26186	26186	26186	26186	26178	26153	26153	26145	999999	999999	999999	999999	0	999999	999999	999999	999999	26187	26187	26187	26187	26187	26179	26184	26184	26184	26184	26176	999999	26189	26189
26172	26172	26172	26172	26172	26164	26186	26186	26186	999999	999999	999999	26153	26153	26153	26145	999999	999999	999999	999999	0	999999	999999	999999	26187	26187	26187	999999	999999	999999	26184	26184	26184	26184	26184	26176	26189	26189
26172	26172	26172	26172	999999	999999	26186	26186	26186	26186	999999	999999	26153	26153	26153	26153	26145	999999	999999	999999	999999	0	999999	999999	26187	26187	26187	26187	999999	999999	26184	26184	26184	26184	999999	999999	26189	26189
26172	26172	26172	26172	26172	999999	26186	26186	26186	26186	26186	999999	26153	26153	26153	26153	26153	26145	999999	999999	999999	999999	0	999999	26187	26187	26187	26187	26187	999999	26184	26184	26184	26184	26184	999999	26189	26189
26172	26172	26172	26172	26172	26172	26186	26186	26186	26186	26186	26186	26153	26153	26153	26153	26153	26153	999999	999999	999999	999999	999999	0	26187	26187	26187	26187	26187	26187	26184	26184	26184	26184	26184	26184	26189	26189
26172	26172	26172	26164	999999	999999	26186	26186	26186	26186	26178	999999	26153	26145	999999	999999	999999	999999	0	999999	999999	999999	999999	999999	26187	26187	26187	26187	26179	999999	26184	26184	26184	26176	999999	999999	26189	26189
26187	26187	26187	26187	26187	26179	26153	26153	26145	999999	999999	999999	26187	26187	26187	26187	26187	26179	26187	26187	26187	26187	26187	26179	999999	0	999999	999999	999999	999999	26148	26148	26140	999999	999999	999999	26147	26147
26187	26187	26187	999999	999999	999999	26153	26153	26153	26145	999999	999999	26187	26187	26187	999999	999999	999999	26187	26187	26187	999999	999999	999999	999999	999999	0	999999	999999	999999	26148	26148	26148	26140	999999	999999	26147	26147
26187	26187	26187	26187	999999	999999	26153	26153	26153	26153	26145	999999	26187	26187	26187	26187	999999	999999	26187	26187	26187	26187	999999	999999	999999	999999	999999	0	999999	999999	26148	26148	26148	26148	26140	999999	26147	26147
26187	26187	26187	26187	26187	999999	26153	26153	26153	26153	26153	26145	26187	26187	26187	26187	26187	999999	26187	26187	26187	26187	26187	999999	999999	999999	999999	999999	0	999999	26148	26148	26148	26148	26148	26140	26147	26147
26187	26187	26187	26187	26187	26187	26153	26153	26153	26153	26153	26153	26187	26187	26187	26187	26187	26187	26187	26187	26187	26187	26187	26187	999999	999999	999999	999999	999999	0	26148	26148	26148	26148	26148	26148	26147	26147
26187	26187	26187	26187	26179	999999	26153	26145	999999	999999	999999	999999	26187	26187	26187	26187	26179	999999	26187	26187	26187	26187	26179	999999	0	999999	999999	999999	999999	999999	26148	26140	999999	999999	999999	999999	26147	26139
26181	26181	26181	26181	26173	999999	26158	26158	26158	26150	999999	999999	26183	26183	26183	26183	26175	999999	26184	26184	26184	26184	26176	999999	26148	26148	26140	999999	999999	999999	999999	0	999999	999999	999999	999999	26147	26147
26181	26181	26181	26181	26181	26173	26158	26158	26158	26158	26150	999999	26183	26183	26183	26183	26183	26175	26184	26184	26184	26184	26184	26176	26148	26148	26148	26140	999999	999999	999999	999999	0	999999	999999	999999	26147	26147
26181	26181	26181	26181	999999	999999	26158	26158	26158	26158	26158	26150	26183	26183	26183	26183	999999	999999	26184	26184	26184	26184	999999	999999	26148	26148	26148	26148	26140	999999	999999	999999	999999	0	999999	999999	26147	26147
26181	26181	26181	26181	26181	999999	26158	26158	26158	26158	26158	999999	26183	26183	26183	26183	26183	999999	26184	26184	26184	26184	26184	999999	26148	26148	26148	26148	26148	26140	999999	999999	999999	999999	0	999999	26147	26147
26181	26181	26181	26181	26181	26181	26158	26158	26158	26158	26158	26158	26183	26183	26183	26183	26183	26183	26184	26184	26184	26184	26184	26184	26148	26148	26148	26148	26148	26148	999999	999999	999999	999999	999999	0	26147	26147
26181	26181	26181	26173	999999	999999	26158	26158	26150	999999	999999	999999	26183	26183	26183	26175	999999	999999	26184	26184	26184	26176	999999	999999	26148	26140	999999	999999	999999	999999	0	999999	999999	999999	999999	999999	26147	26139
26185	26185	26185	26185	26185	26177	26158	26158	26158	26150	999999	999999	26188	26188	26188	26188	26188	26180	26189	26189	26189	26189	26189	26181	26147	26147	26139	999999	999999	999999	26147	26147	26139	999999	999999	999999	999999	0
26185	26185	26185	999999	999999	999999	26158	26158	26158	26158	26150	999999	26188	26188	26188	999999	999999	999999	26189	26189	26189	999999	999999	999999	26147	26147	26147	26139	999999	999999	26147	26147	26147	26139	999999	999999	999999	999999
GTSP_SET_SECTION:
1 1 2 3 4 5 6 -1
2 7 8 9 10 11 12 -1
3 13 14 15 16 17 18 -1
4 19 20 21 22 23 24 -1
5 25 26 27 28 29 30 -1
6 31 32 33 34 35 36 -1
7 37 38 39 40 41 42 -1
8 43 44 45 46 47 48 -1
9 49 50 51 52 53 54 -1
10 55 56 57 58 59 60 -1
11 61 62 63 64 65 66 -1
12 67 68 69 70 71 72 -1
13 73 -1
EOF