NAME:  test1
TYPE: AGTSP
COMMENT: gtsp tours
DIMENSION:  61
GTSP_SETS: 13
EDGE_WEIGHT_TYPE: EXPLICIT
EDGE_WEIGHT_FORMAT: FULL_MATRIX 
EDGE_WEIGHT_SECTION
999999	0	999999	999999	999999	33270	33270	33270	33270	33262	33273	33273	33273	33273	33265	33263	33263	33263	33255	999999	33247	33247	33239	999999	999999	33272	33272	33272	33272	33264	33248	33248	33240	999999	999999	33273	33273	33273
999999	999999	0	999999	999999	33270	33270	33270	999999	999999	33273	33273	33273	999999	999999	33263	33263	33263	33263	33255	33247	33247	33247	33239	999999	33272	33272	33272	999999	999999	33248	33248	33248	33240	999999	33273	33273	33273
999999	999999	999999	0	999999	33270	33270	33270	33270	999999	33273	33273	33273	33273	999999	33263	33263	33263	33263	999999	33247	33247	33247	33247	33239	33272	33272	33272	33272	999999	33248	33248	33248	33248	33240	33273	33273	33273
999999	999999	999999	999999	0	33270	33270	33270	33270	33270	33273	33273	33273	33273	33273	33263	33263	33263	33263	33263	33247	33247	33247	33247	33247	33272	33272	33272	33272	33272	33248	33248	33248	33248	33248	33273	33273	33273
0	999999	999999	999999	999999	33270	33270	33270	33262	999999	33273	33273	33273	33265	999999	33263	33263	33255	999999	999999	33247	33239	999999	999999	999999	33272	33272	33272	33264	999999	33248	33240	999999	999999	999999	33273	33273	33273
33270	33270	33270	33270	33262	999999	0	999999	999999	999999	33286	33286	999999	999999	999999	33241	33241	33233	999999	999999	33279	33279	33279	33279	33271	33264	33264	33264	33256	999999	33285	33285	999999	999999	999999	33238	33238	33230
33270	33270	33270	999999	999999	999999	999999	0	999999	999999	33286	33286	33286	999999	999999	33241	33241	33241	33233	999999	33279	33279	33279	999999	999999	33264	33264	33264	33264	33256	33285	33285	33285	999999	999999	33238	33238	33238
33270	33270	33270	33270	999999	999999	999999	999999	0	999999	33286	33286	33286	33286	999999	33241	33241	33241	33241	33233	33279	33279	33279	33279	999999	33264	33264	33264	33264	999999	33285	33285	33285	33285	999999	33238	33238	33238
33270	33270	33270	33270	33270	999999	999999	999999	999999	0	33286	33286	33286	33286	33286	33241	33241	33241	33241	33241	33279	33279	33279	33279	33279	33264	33264	33264	33264	33264	33285	33285	33285	33285	33285	33238	33238	33238
33270	33270	33270	33262	999999	0	999999	999999	999999	999999	33286	33286	33286	33286	33278	33241	33233	999999	999999	999999	33279	33279	33279	33271	999999	33264	33264	33256	999999	999999	33285	33285	33285	33285	33277	33238	33230	999999
33273	33273	33273	33273	33265	33286	33286	999999	999999	999999	999999	0	999999	999999	999999	33278	33278	33278	33278	33270	33287	33287	999999	999999	999999	33259	33259	33259	33251	999999	33272	33272	33272	33272	33264	33292	33292	999999
33273	33273	33273	999999	999999	33286	33286	33286	999999	999999	999999	999999	0	999999	999999	33278	33278	33278	999999	999999	33287	33287	33287	999999	999999	33259	33259	33259	33259	33251	33272	33272	33272	999999	999999	33292	33292	33292
33273	33273	33273	33273	999999	33286	33286	33286	33286	999999	999999	999999	999999	0	999999	33278	33278	33278	33278	999999	33287	33287	33287	33287	999999	33259	33259	33259	33259	999999	33272	33272	33272	33272	999999	33292	33292	33292
33273	33273	33273	33273	33273	33286	33286	33286	33286	33286	999999	999999	999999	999999	0	33278	33278	33278	33278	33278	33287	33287	33287	33287	33287	33259	33259	33259	33259	33259	33272	33272	33272	33272	33272	33292	33292	33292
33273	33273	33273	33265	999999	33286	33286	33286	33286	33278	0	999999	999999	999999	999999	33278	33278	33278	33270	999999	33287	33287	33287	33287	33279	33259	33259	33251	999999	999999	33272	33272	33272	33264	999999	33292	33292	33292
33263	33263	33263	33255	999999	33241	33241	33233	999999	999999	33278	33278	33278	33278	33270	999999	0	999999	999999	999999	33274	33274	33274	33274	33266	33257	33257	33257	33249	999999	33278	33278	33278	33278	33270	33246	33246	33238
33263	33263	33263	33263	33255	33241	33241	33241	33233	999999	33278	33278	33278	999999	999999	999999	999999	0	999999	999999	33274	33274	33274	999999	999999	33257	33257	33257	33257	33249	33278	33278	33278	999999	999999	33246	33246	33246
33263	33263	33263	33263	999999	33241	33241	33241	33241	33233	33278	33278	33278	33278	999999	999999	999999	999999	0	999999	33274	33274	33274	33274	999999	33257	33257	33257	33257	999999	33278	33278	33278	33278	999999	33246	33246	33246
33263	33263	33263	33263	33263	33241	33241	33241	33241	33241	33278	33278	33278	33278	33278	999999	999999	999999	999999	0	33274	33274	33274	33274	33274	33257	33257	33257	33257	33257	33278	33278	33278	33278	33278	33246	33246	33246
33263	33263	33255	999999	999999	33241	33233	999999	999999	999999	33278	33278	33278	33270	999999	0	999999	999999	999999	999999	33274	33274	33274	33266	999999	33257	33257	33249	999999	999999	33278	33278	33278	33270	999999	33246	33238	999999
33247	33247	33239	999999	999999	33279	33279	33279	33279	33271	33287	33287	999999	999999	999999	33274	33274	33274	33274	33266	999999	0	999999	999999	999999	33287	33287	999999	999999	999999	33252	33252	33252	33244	999999	33281	33281	33281
33247	33247	33247	33239	999999	33279	33279	33279	999999	999999	33287	33287	33287	999999	999999	33274	33274	33274	999999	999999	999999	999999	0	999999	999999	33287	33287	33287	999999	999999	33252	33252	33252	33252	33244	33281	33281	33281
33247	33247	33247	33247	33239	33279	33279	33279	33279	999999	33287	33287	33287	33287	999999	33274	33274	33274	33274	999999	999999	999999	999999	0	999999	33287	33287	33287	33287	999999	33252	33252	33252	33252	999999	33281	33281	33281
33247	33247	33247	33247	33247	33279	33279	33279	33279	33279	33287	33287	33287	33287	33287	33274	33274	33274	33274	33274	999999	999999	999999	999999	0	33287	33287	33287	33287	33287	33252	33252	33252	33252	33252	33281	33281	33281
33247	33239	999999	999999	999999	33279	33279	33279	33271	999999	33287	33287	33287	33287	33279	33274	33274	33274	33266	999999	0	999999	999999	999999	999999	33287	33287	33287	33287	33279	33252	33252	33244	999999	999999	33281	33281	33281
33272	33272	33272	33272	33264	33264	33264	33264	33256	999999	33259	33259	33259	33251	999999	33257	33257	33257	33249	999999	33287	33287	999999	999999	999999	999999	0	999999	999999	999999	33281	33281	33281	33281	33273	33269	33269	33269
33272	33272	33272	999999	999999	33264	33264	33264	33264	33256	33259	33259	33259	33259	33251	33257	33257	33257	33257	33249	33287	33287	33287	999999	999999	999999	999999	0	999999	999999	33281	33281	33281	999999	999999	33269	33269	33269
33272	33272	33272	33272	999999	33264	33264	33264	33264	999999	33259	33259	33259	33259	999999	33257	33257	33257	33257	999999	33287	33287	33287	33287	999999	999999	999999	999999	0	999999	33281	33281	33281	33281	999999	33269	33269	33269
33272	33272	33272	33272	33272	33264	33264	33264	33264	33264	33259	33259	33259	33259	33259	33257	33257	33257	33257	33257	33287	33287	33287	33287	33287	999999	999999	999999	999999	0	33281	33281	33281	33281	33281	33269	33269	33269
33272	33272	33272	33264	999999	33264	33264	33256	999999	999999	33259	33259	33251	999999	999999	33257	33257	33249	999999	999999	33287	33287	33287	33287	33279	0	999999	999999	999999	999999	33281	33281	33281	33273	999999	33269	33269	33269
33248	33248	33240	999999	999999	33285	33285	999999	999999	999999	33272	33272	33272	33272	33264	33278	33278	33278	33278	33270	33252	33252	33252	33244	999999	33281	33281	33281	33281	33273	999999	0	999999	999999	999999	33289	33289	999999
33248	33248	33248	33240	999999	33285	33285	33285	999999	999999	33272	33272	33272	999999	999999	33278	33278	33278	999999	999999	33252	33252	33252	33252	33244	33281	33281	33281	999999	999999	999999	999999	0	999999	999999	33289	33289	33289
33248	33248	33248	33248	33240	33285	33285	33285	33285	999999	33272	33272	33272	33272	999999	33278	33278	33278	33278	999999	33252	33252	33252	33252	999999	33281	33281	33281	33281	999999	999999	999999	999999	0	999999	33289	33289	33289
33248	33248	33248	33248	33248	33285	33285	33285	33285	33285	33272	33272	33272	33272	33272	33278	33278	33278	33278	33278	33252	33252	33252	33252	33252	33281	33281	33281	33281	33281	999999	999999	999999	999999	0	33289	33289	33289
33248	33240	999999	999999	999999	33285	33285	33285	33285	33277	33272	33272	33272	33264	999999	33278	33278	33278	33270	999999	33252	33252	33244	999999	999999	33281	33281	33281	33273	999999	0	999999	999999	999999	999999	33289	33289	33289
33273	33273	33273	33273	33265	33238	33238	33230	999999	999999	33292	33292	999999	999999	999999	33246	33246	33238	999999	999999	33281	33281	33281	33281	33273	33269	33269	33269	33269	33261	33289	33289	999999	999999	999999	999999	0	999999
33273	33273	33273	999999	999999	33238	33238	33238	33230	999999	33292	33292	33292	999999	999999	33246	33246	33246	33238	999999	33281	33281	33281	999999	999999	33269	33269	33269	999999	999999	33289	33289	33289	999999	999999	999999	999999	0
33273	33273	33273	33273	999999	33238	33238	33238	33238	33230	33292	33292	33292	33292	999999	33246	33246	33246	33246	33238	33281	33281	33281	33281	999999	33269	33269	33269	33269	999999	33289	33289	33289	33289	999999	999999	999999	999999
GTSP_SET_SECTION:
1 1 2 3 4 5 -1
2 6 7 8 9 10 -1
3 11 12 13 14 15 -1
4 16 17 18 19 20 -1
5 21 22 23 24 25 -1
6 26 27 28 29 30 -1
7 31 32 33 34 35 -1
8 36 37 38 39 40 -1
9 41 42 43 44 45 -1
10 46 47 48 49 50 -1
11 51 52 53 54 55 -1
12 56 57 58 59 60 -1
13 61 -1
EOF