NAME:  test1
TYPE: AGTSP
COMMENT: gtsp tours
DIMENSION:  61
GTSP_SETS: 13
EDGE_WEIGHT_TYPE: EXPLICIT
EDGE_WEIGHT_FORMAT: FULL_MATRIX 
EDGE_WEIGHT_SECTION
999999	0	999999	999999	999999	23474	23474	23474	23466	999999	23476	23476	23476	23468	999999	23476	23476	23476	23468	999999	23472	23472	23472	23464	999999	23469	23469	23469	23461	999999	23491	23491	23491	23491	23483	23479	23479	23479
999999	999999	0	999999	999999	23474	23474	23474	23474	23466	23476	23476	23476	23476	23468	23476	23476	23476	23476	23468	23472	23472	23472	23472	23464	23469	23469	23469	23469	23461	23491	23491	23491	999999	999999	23479	23479	23479
999999	999999	999999	0	999999	23474	23474	23474	23474	999999	23476	23476	23476	23476	999999	23476	23476	23476	23476	999999	23472	23472	23472	23472	999999	23469	23469	23469	23469	999999	23491	23491	23491	23491	999999	23479	23479	23479
999999	999999	999999	999999	0	23474	23474	23474	23474	23474	23476	23476	23476	23476	23476	23476	23476	23476	23476	23476	23472	23472	23472	23472	23472	23469	23469	23469	23469	23469	23491	23491	23491	23491	23491	23479	23479	23479
0	999999	999999	999999	999999	23474	23474	23466	999999	999999	23476	23476	23468	999999	999999	23476	23476	23468	999999	999999	23472	23472	23464	999999	999999	23469	23469	23461	999999	999999	23491	23491	23491	23483	999999	23479	23479	23471
23474	23474	23474	23466	999999	999999	0	999999	999999	999999	23482	23482	23482	23474	999999	23480	23480	23480	23472	999999	23497	23497	23497	23497	23489	23465	23465	23457	999999	999999	23492	23492	23492	23492	23484	23457	23457	23449
23474	23474	23474	23474	23466	999999	999999	0	999999	999999	23482	23482	23482	23482	23474	23480	23480	23480	23480	23472	23497	23497	23497	999999	999999	23465	23465	23465	23457	999999	23492	23492	23492	999999	999999	23457	23457	23457
23474	23474	23474	23474	999999	999999	999999	999999	0	999999	23482	23482	23482	23482	999999	23480	23480	23480	23480	999999	23497	23497	23497	23497	999999	23465	23465	23465	23465	23457	23492	23492	23492	23492	999999	23457	23457	23457
23474	23474	23474	23474	23474	999999	999999	999999	999999	0	23482	23482	23482	23482	23482	23480	23480	23480	23480	23480	23497	23497	23497	23497	23497	23465	23465	23465	23465	23465	23492	23492	23492	23492	23492	23457	23457	23457
23474	23474	23466	999999	999999	0	999999	999999	999999	999999	23482	23482	23474	999999	999999	23480	23480	23472	999999	999999	23497	23497	23497	23489	999999	23465	23457	999999	999999	999999	23492	23492	23492	23484	999999	23457	23449	999999
23476	23476	23476	23468	999999	23482	23482	23482	23474	999999	999999	0	999999	999999	999999	23501	23501	999999	999999	999999	23484	23484	23484	23484	23476	23466	23466	23466	23458	999999	23464	23464	23456	999999	999999	23480	23480	23480
23476	23476	23476	23476	23468	23482	23482	23482	23482	23474	999999	999999	0	999999	999999	23501	23501	23501	999999	999999	23484	23484	23484	999999	999999	23466	23466	23466	23466	23458	23464	23464	23464	23456	999999	23480	23480	23480
23476	23476	23476	23476	999999	23482	23482	23482	23482	999999	999999	999999	999999	0	999999	23501	23501	23501	23501	999999	23484	23484	23484	23484	999999	23466	23466	23466	23466	999999	23464	23464	23464	23464	23456	23480	23480	23480
23476	23476	23476	23476	23476	23482	23482	23482	23482	23482	999999	999999	999999	999999	0	23501	23501	23501	23501	23501	23484	23484	23484	23484	23484	23466	23466	23466	23466	23466	23464	23464	23464	23464	23464	23480	23480	23480
23476	23476	23468	999999	999999	23482	23482	23474	999999	999999	0	999999	999999	999999	999999	23501	23501	23501	23501	23493	23484	23484	23484	23476	999999	23466	23466	23458	999999	999999	23464	23456	999999	999999	999999	23480	23480	23472
23476	23476	23476	23468	999999	23480	23480	23480	23472	999999	23501	23501	999999	999999	999999	999999	0	999999	999999	999999	23494	23494	23494	23494	23486	23488	23488	23488	23488	23480	23516	23516	999999	999999	999999	23488	23488	23488
23476	23476	23476	23476	23468	23480	23480	23480	23480	23472	23501	23501	23501	999999	999999	999999	999999	0	999999	999999	23494	23494	23494	999999	999999	23488	23488	23488	999999	999999	23516	23516	23516	999999	999999	23488	23488	23488
23476	23476	23476	23476	999999	23480	23480	23480	23480	999999	23501	23501	23501	23501	999999	999999	999999	999999	0	999999	23494	23494	23494	23494	999999	23488	23488	23488	23488	999999	23516	23516	23516	23516	999999	23488	23488	23488
23476	23476	23476	23476	23476	23480	23480	23480	23480	23480	23501	23501	23501	23501	23501	999999	999999	999999	999999	0	23494	23494	23494	23494	23494	23488	23488	23488	23488	23488	23516	23516	23516	23516	23516	23488	23488	23488
23476	23476	23468	999999	999999	23480	23480	23472	999999	999999	23501	23501	23501	23501	23493	0	999999	999999	999999	999999	23494	23494	23494	23486	999999	23488	23488	23488	23480	999999	23516	23516	23516	23516	23508	23488	23488	23488
23472	23472	23472	23464	999999	23497	23497	23497	23497	23489	23484	23484	23484	23484	23476	23494	23494	23494	23494	23486	999999	0	999999	999999	999999	23488	23488	23488	23488	23480	23498	23498	23498	23498	23490	23502	23502	999999
23472	23472	23472	23472	23464	23497	23497	23497	999999	999999	23484	23484	23484	999999	999999	23494	23494	23494	999999	999999	999999	999999	0	999999	999999	23488	23488	23488	999999	999999	23498	23498	23498	999999	999999	23502	23502	23502
23472	23472	23472	23472	999999	23497	23497	23497	23497	999999	23484	23484	23484	23484	999999	23494	23494	23494	23494	999999	999999	999999	999999	0	999999	23488	23488	23488	23488	999999	23498	23498	23498	23498	999999	23502	23502	23502
23472	23472	23472	23472	23472	23497	23497	23497	23497	23497	23484	23484	23484	23484	23484	23494	23494	23494	23494	23494	999999	999999	999999	999999	0	23488	23488	23488	23488	23488	23498	23498	23498	23498	23498	23502	23502	23502
23472	23472	23464	999999	999999	23497	23497	23497	23489	999999	23484	23484	23484	23476	999999	23494	23494	23494	23486	999999	0	999999	999999	999999	999999	23488	23488	23488	23480	999999	23498	23498	23498	23490	999999	23502	23502	23502
23469	23469	23469	23461	999999	23465	23465	23457	999999	999999	23466	23466	23466	23458	999999	23488	23488	23488	23488	23480	23488	23488	23488	23488	23480	999999	0	999999	999999	999999	23477	23477	23477	23469	999999	23464	23464	23456
23469	23469	23469	23469	23461	23465	23465	23465	23457	999999	23466	23466	23466	23466	23458	23488	23488	23488	999999	999999	23488	23488	23488	999999	999999	999999	999999	0	999999	999999	23477	23477	23477	23477	23469	23464	23464	23464
23469	23469	23469	23469	999999	23465	23465	23465	23465	23457	23466	23466	23466	23466	999999	23488	23488	23488	23488	999999	23488	23488	23488	23488	999999	999999	999999	999999	0	999999	23477	23477	23477	23477	999999	23464	23464	23464
23469	23469	23469	23469	23469	23465	23465	23465	23465	23465	23466	23466	23466	23466	23466	23488	23488	23488	23488	23488	23488	23488	23488	23488	23488	999999	999999	999999	999999	0	23477	23477	23477	23477	23477	23464	23464	23464
23469	23469	23461	999999	999999	23465	23457	999999	999999	999999	23466	23466	23458	999999	999999	23488	23488	23488	23480	999999	23488	23488	23488	23480	999999	0	999999	999999	999999	999999	23477	23477	23469	999999	999999	23464	23456	999999
23491	23491	23491	23491	23483	23492	23492	23492	23492	23484	23464	23464	23456	999999	999999	23516	23516	999999	999999	999999	23498	23498	23498	23498	23490	23477	23477	23477	23469	999999	999999	0	999999	999999	999999	23488	23488	23488
23491	23491	23491	999999	999999	23492	23492	23492	999999	999999	23464	23464	23464	23456	999999	23516	23516	23516	999999	999999	23498	23498	23498	999999	999999	23477	23477	23477	23477	23469	999999	999999	0	999999	999999	23488	23488	23488
23491	23491	23491	23491	999999	23492	23492	23492	23492	999999	23464	23464	23464	23464	23456	23516	23516	23516	23516	999999	23498	23498	23498	23498	999999	23477	23477	23477	23477	999999	999999	999999	999999	0	999999	23488	23488	23488
23491	23491	23491	23491	23491	23492	23492	23492	23492	23492	23464	23464	23464	23464	23464	23516	23516	23516	23516	23516	23498	23498	23498	23498	23498	23477	23477	23477	23477	23477	999999	999999	999999	999999	0	23488	23488	23488
23491	23491	23491	23483	999999	23492	23492	23492	23484	999999	23464	23456	999999	999999	999999	23516	23516	23516	23516	23508	23498	23498	23498	23490	999999	23477	23477	23469	999999	999999	0	999999	999999	999999	999999	23488	23488	23488
23479	23479	23479	23471	999999	23457	23457	23449	999999	999999	23480	23480	23480	23472	999999	23488	23488	23488	23488	23480	23502	23502	999999	999999	999999	23464	23464	23456	999999	999999	23488	23488	23488	23488	23480	999999	0	999999
23479	23479	23479	23479	23471	23457	23457	23457	23449	999999	23480	23480	23480	23480	23472	23488	23488	23488	999999	999999	23502	23502	23502	999999	999999	23464	23464	23464	23456	999999	23488	23488	23488	999999	999999	999999	999999	0
23479	23479	23479	23479	999999	23457	23457	23457	23457	23449	23480	23480	23480	23480	999999	23488	23488	23488	23488	999999	23502	23502	23502	23502	999999	23464	23464	23464	23464	23456	23488	23488	23488	23488	999999	999999	999999	999999
GTSP_SET_SECTION:
1 1 2 3 4 5 -1
2 6 7 8 9 10 -1
3 11 12 13 14 15 -1
4 16 17 18 19 20 -1
5 21 22 23 24 25 -1
6 26 27 28 29 30 -1
7 31 32 33 34 35 -1
8 36 37 38 39 40 -1
9 41 42 43 44 45 -1
10 46 47 48 49 50 -1
11 51 52 53 54 55 -1
12 56 57 58 59 60 -1
13 61 -1
EOF