NAME:  test1
TYPE: AGTSP
COMMENT: gtsp tours
DIMENSION:  61
GTSP_SETS: 13
EDGE_WEIGHT_TYPE: EXPLICIT
EDGE_WEIGHT_FORMAT: FULL_MATRIX 
EDGE_WEIGHT_SECTION
999999	0	999999	999999	999999	20969	20969	20969	20969	20961	20965	20965	20965	20965	20957	20937	20937	20929	999999	999999	20925	20925	20917	999999	999999	20970	20970	20970	20970	20962	20956	20956	20956	20948	999999	20933	20933	20925
999999	999999	0	999999	999999	20969	20969	20969	999999	999999	20965	20965	20965	999999	999999	20937	20937	20937	20929	999999	20925	20925	20925	20917	999999	20970	20970	20970	999999	999999	20956	20956	20956	20956	20948	20933	20933	20933
999999	999999	999999	0	999999	20969	20969	20969	20969	999999	20965	20965	20965	20965	999999	20937	20937	20937	20937	20929	20925	20925	20925	20925	20917	20970	20970	20970	20970	999999	20956	20956	20956	20956	999999	20933	20933	20933
999999	999999	999999	999999	0	20969	20969	20969	20969	20969	20965	20965	20965	20965	20965	20937	20937	20937	20937	20937	20925	20925	20925	20925	20925	20970	20970	20970	20970	20970	20956	20956	20956	20956	20956	20933	20933	20933
0	999999	999999	999999	999999	20969	20969	20969	20961	999999	20965	20965	20965	20957	999999	20937	20929	999999	999999	999999	20925	20917	999999	999999	999999	20970	20970	20970	20962	999999	20956	20956	20948	999999	999999	20933	20925	999999
20969	20969	20969	20969	20961	999999	0	999999	999999	999999	20974	20974	999999	999999	999999	20973	20973	999999	999999	999999	20972	20972	20972	20972	20964	20948	20948	20948	20940	999999	20935	20935	20927	999999	999999	20964	20964	20964
20969	20969	20969	999999	999999	999999	999999	0	999999	999999	20974	20974	20974	999999	999999	20973	20973	20973	999999	999999	20972	20972	20972	999999	999999	20948	20948	20948	20948	20940	20935	20935	20935	20927	999999	20964	20964	20964
20969	20969	20969	20969	999999	999999	999999	999999	0	999999	20974	20974	20974	20974	999999	20973	20973	20973	20973	999999	20972	20972	20972	20972	999999	20948	20948	20948	20948	999999	20935	20935	20935	20935	20927	20964	20964	20964
20969	20969	20969	20969	20969	999999	999999	999999	999999	0	20974	20974	20974	20974	20974	20973	20973	20973	20973	20973	20972	20972	20972	20972	20972	20948	20948	20948	20948	20948	20935	20935	20935	20935	20935	20964	20964	20964
20969	20969	20969	20961	999999	0	999999	999999	999999	999999	20974	20974	20974	20974	20966	20973	20973	20973	20973	20965	20972	20972	20972	20964	999999	20948	20948	20940	999999	999999	20935	20927	999999	999999	999999	20964	20964	20964
20965	20965	20965	20965	20957	20974	20974	999999	999999	999999	999999	0	999999	999999	999999	20953	20953	20953	20945	999999	20965	20965	20965	20965	20957	20952	20952	20952	20944	999999	20966	20966	20966	20966	20958	20955	20955	20955
20965	20965	20965	999999	999999	20974	20974	20974	999999	999999	999999	999999	0	999999	999999	20953	20953	20953	20953	20945	20965	20965	20965	999999	999999	20952	20952	20952	20952	20944	20966	20966	20966	999999	999999	20955	20955	20955
20965	20965	20965	20965	999999	20974	20974	20974	20974	999999	999999	999999	999999	0	999999	20953	20953	20953	20953	999999	20965	20965	20965	20965	999999	20952	20952	20952	20952	999999	20966	20966	20966	20966	999999	20955	20955	20955
20965	20965	20965	20965	20965	20974	20974	20974	20974	20974	999999	999999	999999	999999	0	20953	20953	20953	20953	20953	20965	20965	20965	20965	20965	20952	20952	20952	20952	20952	20966	20966	20966	20966	20966	20955	20955	20955
20965	20965	20965	20957	999999	20974	20974	20974	20974	20966	0	999999	999999	999999	999999	20953	20953	20945	999999	999999	20965	20965	20965	20957	999999	20952	20952	20944	999999	999999	20966	20966	20966	20958	999999	20955	20955	20947
20937	20937	20929	999999	999999	20973	20973	999999	999999	999999	20953	20953	20953	20945	999999	999999	0	999999	999999	999999	20935	20935	20927	999999	999999	20966	20966	20966	20966	20958	20960	20960	20960	20960	20952	20931	20931	20923
20937	20937	20937	20929	999999	20973	20973	20973	999999	999999	20953	20953	20953	20953	20945	999999	999999	0	999999	999999	20935	20935	20935	20927	999999	20966	20966	20966	999999	999999	20960	20960	20960	999999	999999	20931	20931	20931
20937	20937	20937	20937	20929	20973	20973	20973	20973	999999	20953	20953	20953	20953	999999	999999	999999	999999	0	999999	20935	20935	20935	20935	20927	20966	20966	20966	20966	999999	20960	20960	20960	20960	999999	20931	20931	20931
20937	20937	20937	20937	20937	20973	20973	20973	20973	20973	20953	20953	20953	20953	20953	999999	999999	999999	999999	0	20935	20935	20935	20935	20935	20966	20966	20966	20966	20966	20960	20960	20960	20960	20960	20931	20931	20931
20937	20929	999999	999999	999999	20973	20973	20973	20973	20965	20953	20953	20945	999999	999999	0	999999	999999	999999	999999	20935	20927	999999	999999	999999	20966	20966	20966	20958	999999	20960	20960	20960	20952	999999	20931	20923	999999
20925	20925	20917	999999	999999	20972	20972	20972	20972	20964	20965	20965	20965	20965	20957	20935	20935	20927	999999	999999	999999	0	999999	999999	999999	20972	20972	20972	20972	20964	20959	20959	20959	20959	20951	20934	20934	20926
20925	20925	20925	20917	999999	20972	20972	20972	999999	999999	20965	20965	20965	999999	999999	20935	20935	20935	20927	999999	999999	999999	0	999999	999999	20972	20972	20972	999999	999999	20959	20959	20959	999999	999999	20934	20934	20934
20925	20925	20925	20925	20917	20972	20972	20972	20972	999999	20965	20965	20965	20965	999999	20935	20935	20935	20935	20927	999999	999999	999999	0	999999	20972	20972	20972	20972	999999	20959	20959	20959	20959	999999	20934	20934	20934
20925	20925	20925	20925	20925	20972	20972	20972	20972	20972	20965	20965	20965	20965	20965	20935	20935	20935	20935	20935	999999	999999	999999	999999	0	20972	20972	20972	20972	20972	20959	20959	20959	20959	20959	20934	20934	20934
20925	20917	999999	999999	999999	20972	20972	20972	20964	999999	20965	20965	20965	20957	999999	20935	20927	999999	999999	999999	0	999999	999999	999999	999999	20972	20972	20972	20964	999999	20959	20959	20959	20951	999999	20934	20926	999999
20970	20970	20970	20970	20962	20948	20948	20948	20940	999999	20952	20952	20952	20944	999999	20966	20966	20966	20966	20958	20972	20972	20972	20972	20964	999999	0	999999	999999	999999	20947	20947	20947	20939	999999	20961	20961	20961
20970	20970	20970	999999	999999	20948	20948	20948	20948	20940	20952	20952	20952	20952	20944	20966	20966	20966	999999	999999	20972	20972	20972	999999	999999	999999	999999	0	999999	999999	20947	20947	20947	20947	20939	20961	20961	20961
20970	20970	20970	20970	999999	20948	20948	20948	20948	999999	20952	20952	20952	20952	999999	20966	20966	20966	20966	999999	20972	20972	20972	20972	999999	999999	999999	999999	0	999999	20947	20947	20947	20947	999999	20961	20961	20961
20970	20970	20970	20970	20970	20948	20948	20948	20948	20948	20952	20952	20952	20952	20952	20966	20966	20966	20966	20966	20972	20972	20972	20972	20972	999999	999999	999999	999999	0	20947	20947	20947	20947	20947	20961	20961	20961
20970	20970	20970	20962	999999	20948	20948	20940	999999	999999	20952	20952	20944	999999	999999	20966	20966	20966	20958	999999	20972	20972	20972	20964	999999	0	999999	999999	999999	999999	20947	20947	20939	999999	999999	20961	20961	20961
20956	20956	20956	20948	999999	20935	20935	20927	999999	999999	20966	20966	20966	20966	20958	20960	20960	20960	20960	20952	20959	20959	20959	20959	20951	20947	20947	20947	20939	999999	999999	0	999999	999999	999999	20951	20951	20951
20956	20956	20956	20956	20948	20935	20935	20935	20927	999999	20966	20966	20966	999999	999999	20960	20960	20960	999999	999999	20959	20959	20959	999999	999999	20947	20947	20947	20947	20939	999999	999999	0	999999	999999	20951	20951	20951
20956	20956	20956	20956	999999	20935	20935	20935	20935	20927	20966	20966	20966	20966	999999	20960	20960	20960	20960	999999	20959	20959	20959	20959	999999	20947	20947	20947	20947	999999	999999	999999	999999	0	999999	20951	20951	20951
20956	20956	20956	20956	20956	20935	20935	20935	20935	20935	20966	20966	20966	20966	20966	20960	20960	20960	20960	20960	20959	20959	20959	20959	20959	20947	20947	20947	20947	20947	999999	999999	999999	999999	0	20951	20951	20951
20956	20956	20948	999999	999999	20935	20927	999999	999999	999999	20966	20966	20966	20958	999999	20960	20960	20960	20952	999999	20959	20959	20959	20951	999999	20947	20947	20939	999999	999999	0	999999	999999	999999	999999	20951	20951	20943
20933	20933	20925	999999	999999	20964	20964	20964	20964	20956	20955	20955	20955	20947	999999	20931	20931	20923	999999	999999	20934	20934	20926	999999	999999	20961	20961	20961	20961	20953	20951	20951	20951	20943	999999	999999	0	999999
20933	20933	20933	20925	999999	20964	20964	20964	999999	999999	20955	20955	20955	20955	20947	20931	20931	20931	20923	999999	20934	20934	20934	20926	999999	20961	20961	20961	999999	999999	20951	20951	20951	20951	20943	999999	999999	0
20933	20933	20933	20933	20925	20964	20964	20964	20964	999999	20955	20955	20955	20955	999999	20931	20931	20931	20931	20923	20934	20934	20934	20934	20926	20961	20961	20961	20961	999999	20951	20951	20951	20951	999999	999999	999999	999999
GTSP_SET_SECTION:
1 1 2 3 4 5 -1
2 6 7 8 9 10 -1
3 11 12 13 14 15 -1
4 16 17 18 19 20 -1
5 21 22 23 24 25 -1
6 26 27 28 29 30 -1
7 31 32 33 34 35 -1
8 36 37 38 39 40 -1
9 41 42 43 44 45 -1
10 46 47 48 49 50 -1
11 51 52 53 54 55 -1
12 56 57 58 59 60 -1
13 61 -1
EOF