NAME:  test1
TYPE: AGTSP
COMMENT: gtsp tours
DIMENSION:  61
GTSP_SETS: 13
EDGE_WEIGHT_TYPE: EXPLICIT
EDGE_WEIGHT_FORMAT: FULL_MATRIX 
EDGE_WEIGHT_SECTION
999999	0	999999	999999	999999	20633	20633	20625	999999	999999	20666	20666	20666	20666	20658	20650	20650	20650	20642	999999	20666	20666	20666	20666	20658	20648	20648	20648	20640	999999	20640	20640	20640	20632	999999	20647	20647	20647
999999	999999	0	999999	999999	20633	20633	20633	20625	999999	20666	20666	20666	999999	999999	20650	20650	20650	20650	20642	20666	20666	20666	999999	999999	20648	20648	20648	20648	20640	20640	20640	20640	20640	20632	20647	20647	20647
999999	999999	999999	0	999999	20633	20633	20633	20633	20625	20666	20666	20666	20666	999999	20650	20650	20650	20650	999999	20666	20666	20666	20666	999999	20648	20648	20648	20648	999999	20640	20640	20640	20640	999999	20647	20647	20647
999999	999999	999999	999999	0	20633	20633	20633	20633	20633	20666	20666	20666	20666	20666	20650	20650	20650	20650	20650	20666	20666	20666	20666	20666	20648	20648	20648	20648	20648	20640	20640	20640	20640	20640	20647	20647	20647
0	999999	999999	999999	999999	20633	20625	999999	999999	999999	20666	20666	20666	20658	999999	20650	20650	20642	999999	999999	20666	20666	20666	20658	999999	20648	20648	20640	999999	999999	20640	20640	20632	999999	999999	20647	20647	20639
20633	20633	20625	999999	999999	999999	0	999999	999999	999999	20651	20651	20651	20643	999999	20639	20639	20639	20631	999999	20655	20655	20655	20655	20647	20644	20644	20644	20636	999999	20647	20647	20647	20639	999999	20638	20638	20638
20633	20633	20633	20625	999999	999999	999999	0	999999	999999	20651	20651	20651	20651	20643	20639	20639	20639	20639	20631	20655	20655	20655	999999	999999	20644	20644	20644	20644	20636	20647	20647	20647	20647	20639	20638	20638	20638
20633	20633	20633	20633	20625	999999	999999	999999	0	999999	20651	20651	20651	20651	999999	20639	20639	20639	20639	999999	20655	20655	20655	20655	999999	20644	20644	20644	20644	999999	20647	20647	20647	20647	999999	20638	20638	20638
20633	20633	20633	20633	20633	999999	999999	999999	999999	0	20651	20651	20651	20651	20651	20639	20639	20639	20639	20639	20655	20655	20655	20655	20655	20644	20644	20644	20644	20644	20647	20647	20647	20647	20647	20638	20638	20638
20633	20625	999999	999999	999999	0	999999	999999	999999	999999	20651	20651	20643	999999	999999	20639	20639	20631	999999	999999	20655	20655	20655	20647	999999	20644	20644	20636	999999	999999	20647	20647	20639	999999	999999	20638	20638	20630
20666	20666	20666	20666	20658	20651	20651	20651	20643	999999	999999	0	999999	999999	999999	20643	20643	20643	20635	999999	20643	20643	20643	20635	999999	20657	20657	20657	20657	20649	20677	20677	999999	999999	999999	20646	20646	20646
20666	20666	20666	999999	999999	20651	20651	20651	20651	20643	999999	999999	0	999999	999999	20643	20643	20643	20643	20635	20643	20643	20643	20643	20635	20657	20657	20657	999999	999999	20677	20677	20677	999999	999999	20646	20646	20646
20666	20666	20666	20666	999999	20651	20651	20651	20651	999999	999999	999999	999999	0	999999	20643	20643	20643	20643	999999	20643	20643	20643	20643	999999	20657	20657	20657	20657	999999	20677	20677	20677	20677	999999	20646	20646	20646
20666	20666	20666	20666	20666	20651	20651	20651	20651	20651	999999	999999	999999	999999	0	20643	20643	20643	20643	20643	20643	20643	20643	20643	20643	20657	20657	20657	20657	20657	20677	20677	20677	20677	20677	20646	20646	20646
20666	20666	20666	20658	999999	20651	20651	20643	999999	999999	0	999999	999999	999999	999999	20643	20643	20635	999999	999999	20643	20643	20635	999999	999999	20657	20657	20657	20649	999999	20677	20677	20677	20677	20669	20646	20646	20638
20650	20650	20650	20642	999999	20639	20639	20639	20631	999999	20643	20643	20643	20635	999999	999999	0	999999	999999	999999	20635	20635	20627	999999	999999	20632	20632	20624	999999	999999	20668	20668	20668	20668	20660	20621	20621	20613
20650	20650	20650	20650	20642	20639	20639	20639	20639	20631	20643	20643	20643	20643	20635	999999	999999	0	999999	999999	20635	20635	20635	20627	999999	20632	20632	20632	20624	999999	20668	20668	20668	999999	999999	20621	20621	20621
20650	20650	20650	20650	999999	20639	20639	20639	20639	999999	20643	20643	20643	20643	999999	999999	999999	999999	0	999999	20635	20635	20635	20635	20627	20632	20632	20632	20632	20624	20668	20668	20668	20668	999999	20621	20621	20621
20650	20650	20650	20650	20650	20639	20639	20639	20639	20639	20643	20643	20643	20643	20643	999999	999999	999999	999999	0	20635	20635	20635	20635	20635	20632	20632	20632	20632	20632	20668	20668	20668	20668	20668	20621	20621	20621
20650	20650	20642	999999	999999	20639	20639	20631	999999	999999	20643	20643	20635	999999	999999	0	999999	999999	999999	999999	20635	20627	999999	999999	999999	20632	20624	999999	999999	999999	20668	20668	20668	20660	999999	20621	20613	999999
20666	20666	20666	20666	20658	20655	20655	20655	20655	20647	20643	20643	20643	20635	999999	20635	20635	20627	999999	999999	999999	0	999999	999999	999999	20642	20642	20642	20634	999999	20684	20684	999999	999999	999999	20637	20637	20637
20666	20666	20666	999999	999999	20655	20655	20655	999999	999999	20643	20643	20643	20643	20635	20635	20635	20635	20627	999999	999999	999999	0	999999	999999	20642	20642	20642	20642	20634	20684	20684	20684	999999	999999	20637	20637	20637
20666	20666	20666	20666	999999	20655	20655	20655	20655	999999	20643	20643	20643	20643	999999	20635	20635	20635	20635	20627	999999	999999	999999	0	999999	20642	20642	20642	20642	999999	20684	20684	20684	20684	999999	20637	20637	20637
20666	20666	20666	20666	20666	20655	20655	20655	20655	20655	20643	20643	20643	20643	20643	20635	20635	20635	20635	20635	999999	999999	999999	999999	0	20642	20642	20642	20642	20642	20684	20684	20684	20684	20684	20637	20637	20637
20666	20666	20666	20658	999999	20655	20655	20655	20647	999999	20643	20643	20635	999999	999999	20635	20627	999999	999999	999999	0	999999	999999	999999	999999	20642	20642	20634	999999	999999	20684	20684	20684	20684	20676	20637	20637	20629
20648	20648	20648	20640	999999	20644	20644	20644	20636	999999	20657	20657	20657	20657	20649	20632	20632	20624	999999	999999	20642	20642	20642	20634	999999	999999	0	999999	999999	999999	20669	20669	999999	999999	999999	20630	20630	20622
20648	20648	20648	20648	20640	20644	20644	20644	20644	20636	20657	20657	20657	999999	999999	20632	20632	20632	20624	999999	20642	20642	20642	20642	20634	999999	999999	0	999999	999999	20669	20669	20669	999999	999999	20630	20630	20630
20648	20648	20648	20648	999999	20644	20644	20644	20644	999999	20657	20657	20657	20657	999999	20632	20632	20632	20632	20624	20642	20642	20642	20642	999999	999999	999999	999999	0	999999	20669	20669	20669	20669	999999	20630	20630	20630
20648	20648	20648	20648	20648	20644	20644	20644	20644	20644	20657	20657	20657	20657	20657	20632	20632	20632	20632	20632	20642	20642	20642	20642	20642	999999	999999	999999	999999	0	20669	20669	20669	20669	20669	20630	20630	20630
20648	20648	20640	999999	999999	20644	20644	20636	999999	999999	20657	20657	20657	20649	999999	20632	20624	999999	999999	999999	20642	20642	20634	999999	999999	0	999999	999999	999999	999999	20669	20669	20669	20669	20661	20630	20622	999999
20640	20640	20640	20632	999999	20647	20647	20647	20639	999999	20677	20677	999999	999999	999999	20668	20668	20668	20668	20660	20684	20684	999999	999999	999999	20669	20669	999999	999999	999999	999999	0	999999	999999	999999	20666	20666	20666
20640	20640	20640	20640	20632	20647	20647	20647	20647	20639	20677	20677	20677	999999	999999	20668	20668	20668	999999	999999	20684	20684	20684	999999	999999	20669	20669	20669	999999	999999	999999	999999	0	999999	999999	20666	20666	20666
20640	20640	20640	20640	999999	20647	20647	20647	20647	999999	20677	20677	20677	20677	999999	20668	20668	20668	20668	999999	20684	20684	20684	20684	999999	20669	20669	20669	20669	999999	999999	999999	999999	0	999999	20666	20666	20666
20640	20640	20640	20640	20640	20647	20647	20647	20647	20647	20677	20677	20677	20677	20677	20668	20668	20668	20668	20668	20684	20684	20684	20684	20684	20669	20669	20669	20669	20669	999999	999999	999999	999999	0	20666	20666	20666
20640	20640	20632	999999	999999	20647	20647	20639	999999	999999	20677	20677	20677	20677	20669	20668	20668	20668	20660	999999	20684	20684	20684	20684	20676	20669	20669	20669	20669	20661	0	999999	999999	999999	999999	20666	20666	20666
20647	20647	20647	20639	999999	20638	20638	20638	20630	999999	20646	20646	20646	20638	999999	20621	20621	20613	999999	999999	20637	20637	20637	20629	999999	20630	20630	20622	999999	999999	20666	20666	20666	20666	20658	999999	0	999999
20647	20647	20647	20647	20639	20638	20638	20638	20638	20630	20646	20646	20646	20646	20638	20621	20621	20621	20613	999999	20637	20637	20637	20637	20629	20630	20630	20630	20622	999999	20666	20666	20666	999999	999999	999999	999999	0
20647	20647	20647	20647	999999	20638	20638	20638	20638	999999	20646	20646	20646	20646	999999	20621	20621	20621	20621	20613	20637	20637	20637	20637	999999	20630	20630	20630	20630	20622	20666	20666	20666	20666	999999	999999	999999	999999
GTSP_SET_SECTION:
1 1 2 3 4 5 -1
2 6 7 8 9 10 -1
3 11 12 13 14 15 -1
4 16 17 18 19 20 -1
5 21 22 23 24 25 -1
6 26 27 28 29 30 -1
7 31 32 33 34 35 -1
8 36 37 38 39 40 -1
9 41 42 43 44 45 -1
10 46 47 48 49 50 -1
11 51 52 53 54 55 -1
12 56 57 58 59 60 -1
13 61 -1
EOF