NAME:  test1
TYPE: AGTSP
COMMENT: gtsp tours
DIMENSION:  57
GTSP_SETS: 15
EDGE_WEIGHT_TYPE: EXPLICIT
EDGE_WEIGHT_FORMAT: FULL_MATRIX 
EDGE_WEIGHT_SECTION
999999	0	999999	999999	23829	23829	23829	23821	23844	23844	999999	999999	23812	23812	23804	999999	23833	23833	23833	23825	23807	23807	23799	999999	23838	23838	999999	999999	23814	23814	23814	23806	23832	23832	23832	23824	23837	23837	999999	999999	23832	23832	23832	23824	23829	23829	23829	23821	23819	23819	23819	23811	23802	23802	23794	999999	0
999999	999999	0	999999	23829	23829	23829	999999	23844	23844	23844	999999	23812	23812	23812	23804	23833	23833	23833	999999	23807	23807	23807	23799	23838	23838	23838	999999	23814	23814	23814	999999	23832	23832	23832	999999	23837	23837	23837	999999	23832	23832	23832	999999	23829	23829	23829	999999	23819	23819	23819	999999	23802	23802	23802	23794	0
999999	999999	999999	0	23829	23829	23829	23829	23844	23844	23844	23844	23812	23812	23812	23812	23833	23833	23833	23833	23807	23807	23807	23807	23838	23838	23838	23838	23814	23814	23814	23814	23832	23832	23832	23832	23837	23837	23837	23837	23832	23832	23832	23832	23829	23829	23829	23829	23819	23819	23819	23819	23802	23802	23802	23802	0
0	999999	999999	999999	23829	23829	23821	999999	23844	23844	23844	23836	23812	23804	999999	999999	23833	23833	23825	999999	23807	23799	999999	999999	23838	23838	23838	23830	23814	23814	23806	999999	23832	23832	23824	999999	23837	23837	23837	23829	23832	23832	23824	999999	23829	23829	23821	999999	23819	23819	23811	999999	23802	23794	999999	999999	0
23829	23829	23829	23821	999999	0	999999	999999	23842	23842	999999	999999	23814	23814	23814	23806	23810	23810	23802	999999	23815	23815	23815	23807	23844	23844	999999	999999	23806	23806	23798	999999	23850	23850	999999	999999	23855	23855	999999	999999	23852	23852	999999	999999	23848	23848	999999	999999	23838	23838	999999	999999	23836	23836	999999	999999	0
23829	23829	23829	999999	999999	999999	0	999999	23842	23842	23842	999999	23814	23814	23814	999999	23810	23810	23810	23802	23815	23815	23815	999999	23844	23844	23844	999999	23806	23806	23806	23798	23850	23850	23850	999999	23855	23855	23855	999999	23852	23852	23852	999999	23848	23848	23848	999999	23838	23838	23838	999999	23836	23836	23836	999999	0
23829	23829	23829	23829	999999	999999	999999	0	23842	23842	23842	23842	23814	23814	23814	23814	23810	23810	23810	23810	23815	23815	23815	23815	23844	23844	23844	23844	23806	23806	23806	23806	23850	23850	23850	23850	23855	23855	23855	23855	23852	23852	23852	23852	23848	23848	23848	23848	23838	23838	23838	23838	23836	23836	23836	23836	0
23829	23829	23821	999999	0	999999	999999	999999	23842	23842	23842	23834	23814	23814	23806	999999	23810	23802	999999	999999	23815	23815	23807	999999	23844	23844	23844	23836	23806	23798	999999	999999	23850	23850	23850	23842	23855	23855	23855	23847	23852	23852	23852	23844	23848	23848	23848	23840	23838	23838	23838	23830	23836	23836	23836	23828	0
23844	23844	999999	999999	23842	23842	999999	999999	999999	0	999999	999999	23829	23829	23829	23821	23824	23824	23824	23816	23846	23846	999999	999999	23801	23801	23793	999999	23836	23836	999999	999999	23819	23819	23819	23811	23819	23819	23819	23811	23821	23821	23821	23813	23818	23818	23818	23810	23820	23820	23820	23812	23840	23840	999999	999999	0
23844	23844	23844	999999	23842	23842	23842	999999	999999	999999	0	999999	23829	23829	23829	999999	23824	23824	23824	999999	23846	23846	23846	999999	23801	23801	23801	23793	23836	23836	23836	999999	23819	23819	23819	999999	23819	23819	23819	999999	23821	23821	23821	999999	23818	23818	23818	999999	23820	23820	23820	999999	23840	23840	23840	999999	0
23844	23844	23844	23844	23842	23842	23842	23842	999999	999999	999999	0	23829	23829	23829	23829	23824	23824	23824	23824	23846	23846	23846	23846	23801	23801	23801	23801	23836	23836	23836	23836	23819	23819	23819	23819	23819	23819	23819	23819	23821	23821	23821	23821	23818	23818	23818	23818	23820	23820	23820	23820	23840	23840	23840	23840	0
23844	23844	23844	23836	23842	23842	23842	23834	0	999999	999999	999999	23829	23829	23821	999999	23824	23824	23816	999999	23846	23846	23846	23838	23801	23793	999999	999999	23836	23836	23836	23828	23819	23819	23811	999999	23819	23819	23811	999999	23821	23821	23813	999999	23818	23818	23810	999999	23820	23820	23812	999999	23840	23840	23840	23832	0
23812	23812	23804	999999	23814	23814	23814	23806	23829	23829	23829	23821	999999	0	999999	999999	23812	23812	23812	23804	23808	23808	23800	999999	23827	23827	23827	23819	23800	23800	23792	999999	23829	23829	23829	23821	23834	23834	999999	999999	23830	23830	23830	23822	23826	23826	23826	23818	23816	23816	23816	23808	23816	23816	23816	23808	0
23812	23812	23812	23804	23814	23814	23814	999999	23829	23829	23829	999999	999999	999999	0	999999	23812	23812	23812	999999	23808	23808	23808	23800	23827	23827	23827	999999	23800	23800	23800	23792	23829	23829	23829	999999	23834	23834	23834	999999	23830	23830	23830	999999	23826	23826	23826	999999	23816	23816	23816	999999	23816	23816	23816	999999	0
23812	23812	23812	23812	23814	23814	23814	23814	23829	23829	23829	23829	999999	999999	999999	0	23812	23812	23812	23812	23808	23808	23808	23808	23827	23827	23827	23827	23800	23800	23800	23800	23829	23829	23829	23829	23834	23834	23834	23834	23830	23830	23830	23830	23826	23826	23826	23826	23816	23816	23816	23816	23816	23816	23816	23816	0
23812	23804	999999	999999	23814	23814	23806	999999	23829	23829	23821	999999	0	999999	999999	999999	23812	23812	23804	999999	23808	23800	999999	999999	23827	23827	23819	999999	23800	23792	999999	999999	23829	23829	23821	999999	23834	23834	23834	23826	23830	23830	23822	999999	23826	23826	23818	999999	23816	23816	23808	999999	23816	23816	23808	999999	0
23833	23833	23833	23825	23810	23810	23802	999999	23824	23824	23824	23816	23812	23812	23812	23804	999999	0	999999	999999	23825	23825	23825	23817	23828	23828	23828	23820	23812	23812	23804	999999	23839	23839	999999	999999	23843	23843	999999	999999	23841	23841	999999	999999	23837	23837	999999	999999	23829	23829	23829	23821	23836	23836	999999	999999	0
23833	23833	23833	999999	23810	23810	23810	23802	23824	23824	23824	999999	23812	23812	23812	999999	999999	999999	0	999999	23825	23825	23825	999999	23828	23828	23828	999999	23812	23812	23812	23804	23839	23839	23839	999999	23843	23843	23843	999999	23841	23841	23841	999999	23837	23837	23837	999999	23829	23829	23829	999999	23836	23836	23836	999999	0
23833	23833	23833	23833	23810	23810	23810	23810	23824	23824	23824	23824	23812	23812	23812	23812	999999	999999	999999	0	23825	23825	23825	23825	23828	23828	23828	23828	23812	23812	23812	23812	23839	23839	23839	23839	23843	23843	23843	23843	23841	23841	23841	23841	23837	23837	23837	23837	23829	23829	23829	23829	23836	23836	23836	23836	0
23833	23833	23825	999999	23810	23802	999999	999999	23824	23824	23816	999999	23812	23812	23804	999999	0	999999	999999	999999	23825	23825	23817	999999	23828	23828	23820	999999	23812	23804	999999	999999	23839	23839	23839	23831	23843	23843	23843	23835	23841	23841	23841	23833	23837	23837	23837	23829	23829	23829	23821	999999	23836	23836	23836	23828	0
23807	23807	23799	999999	23815	23815	23815	23807	23846	23846	999999	999999	23808	23808	23800	999999	23825	23825	23825	23817	999999	0	999999	999999	23843	23843	999999	999999	23804	23804	23796	999999	23842	23842	999999	999999	23847	23847	999999	999999	23843	23843	999999	999999	23839	23839	999999	999999	23829	23829	23829	23821	23817	23817	23817	23809	0
23807	23807	23807	23799	23815	23815	23815	999999	23846	23846	23846	999999	23808	23808	23808	23800	23825	23825	23825	999999	999999	999999	0	999999	23843	23843	23843	999999	23804	23804	23804	23796	23842	23842	23842	999999	23847	23847	23847	999999	23843	23843	23843	999999	23839	23839	23839	999999	23829	23829	23829	999999	23817	23817	23817	999999	0
23807	23807	23807	23807	23815	23815	23815	23815	23846	23846	23846	23846	23808	23808	23808	23808	23825	23825	23825	23825	999999	999999	999999	0	23843	23843	23843	23843	23804	23804	23804	23804	23842	23842	23842	23842	23847	23847	23847	23847	23843	23843	23843	23843	23839	23839	23839	23839	23829	23829	23829	23829	23817	23817	23817	23817	0
23807	23799	999999	999999	23815	23815	23807	999999	23846	23846	23846	23838	23808	23800	999999	999999	23825	23825	23817	999999	0	999999	999999	999999	23843	23843	23843	23835	23804	23796	999999	999999	23842	23842	23842	23834	23847	23847	23847	23839	23843	23843	23843	23835	23839	23839	23839	23831	23829	23829	23821	999999	23817	23817	23809	999999	0
23838	23838	999999	999999	23844	23844	999999	999999	23801	23801	23793	999999	23827	23827	23827	23819	23828	23828	23828	23820	23843	23843	999999	999999	999999	0	999999	999999	23835	23835	999999	999999	23809	23809	23801	999999	23810	23810	23802	999999	23811	23811	23803	999999	23809	23809	23801	999999	23812	23812	23804	999999	23833	23833	23833	23825	0
23838	23838	23838	999999	23844	23844	23844	999999	23801	23801	23801	23793	23827	23827	23827	999999	23828	23828	23828	999999	23843	23843	23843	999999	999999	999999	0	999999	23835	23835	23835	999999	23809	23809	23809	23801	23810	23810	23810	23802	23811	23811	23811	23803	23809	23809	23809	23801	23812	23812	23812	23804	23833	23833	23833	999999	0
23838	23838	23838	23838	23844	23844	23844	23844	23801	23801	23801	23801	23827	23827	23827	23827	23828	23828	23828	23828	23843	23843	23843	23843	999999	999999	999999	0	23835	23835	23835	23835	23809	23809	23809	23809	23810	23810	23810	23810	23811	23811	23811	23811	23809	23809	23809	23809	23812	23812	23812	23812	23833	23833	23833	23833	0
23838	23838	23838	23830	23844	23844	23844	23836	23801	23793	999999	999999	23827	23827	23819	999999	23828	23828	23820	999999	23843	23843	23843	23835	0	999999	999999	999999	23835	23835	23835	23827	23809	23801	999999	999999	23810	23802	999999	999999	23811	23803	999999	999999	23809	23801	999999	999999	23812	23804	999999	999999	23833	23833	23825	999999	0
23814	23814	23814	23806	23806	23806	23798	999999	23836	23836	999999	999999	23800	23800	23792	999999	23812	23812	23804	999999	23804	23804	23796	999999	23835	23835	999999	999999	999999	0	999999	999999	23838	23838	999999	999999	23843	23843	999999	999999	23839	23839	999999	999999	23835	23835	999999	999999	23825	23825	23825	23817	23821	23821	23821	23813	0
23814	23814	23814	999999	23806	23806	23806	23798	23836	23836	23836	999999	23800	23800	23800	23792	23812	23812	23812	23804	23804	23804	23804	23796	23835	23835	23835	999999	999999	999999	0	999999	23838	23838	23838	999999	23843	23843	23843	999999	23839	23839	23839	999999	23835	23835	23835	999999	23825	23825	23825	999999	23821	23821	23821	999999	0
23814	23814	23814	23814	23806	23806	23806	23806	23836	23836	23836	23836	23800	23800	23800	23800	23812	23812	23812	23812	23804	23804	23804	23804	23835	23835	23835	23835	999999	999999	999999	0	23838	23838	23838	23838	23843	23843	23843	23843	23839	23839	23839	23839	23835	23835	23835	23835	23825	23825	23825	23825	23821	23821	23821	23821	0
23814	23814	23806	999999	23806	23798	999999	999999	23836	23836	23836	23828	23800	23792	999999	999999	23812	23804	999999	999999	23804	23796	999999	999999	23835	23835	23835	23827	0	999999	999999	999999	23838	23838	23838	23830	23843	23843	23843	23835	23839	23839	23839	23831	23835	23835	23835	23827	23825	23825	23817	999999	23821	23821	23813	999999	0
23832	23832	23832	23824	23850	23850	999999	999999	23819	23819	23819	23811	23829	23829	23829	23821	23839	23839	999999	999999	23842	23842	999999	999999	23809	23809	23801	999999	23838	23838	999999	999999	999999	0	999999	999999	23796	23796	23788	999999	23793	23793	23785	999999	23794	23794	23786	999999	23805	23805	23797	999999	23823	23823	23823	23815	0
23832	23832	23832	999999	23850	23850	23850	999999	23819	23819	23819	999999	23829	23829	23829	999999	23839	23839	23839	999999	23842	23842	23842	999999	23809	23809	23809	23801	23838	23838	23838	999999	999999	999999	0	999999	23796	23796	23796	23788	23793	23793	23793	23785	23794	23794	23794	23786	23805	23805	23805	23797	23823	23823	23823	999999	0
23832	23832	23832	23832	23850	23850	23850	23850	23819	23819	23819	23819	23829	23829	23829	23829	23839	23839	23839	23839	23842	23842	23842	23842	23809	23809	23809	23809	23838	23838	23838	23838	999999	999999	999999	0	23796	23796	23796	23796	23793	23793	23793	23793	23794	23794	23794	23794	23805	23805	23805	23805	23823	23823	23823	23823	0
23832	23832	23824	999999	23850	23850	23850	23842	23819	23819	23811	999999	23829	23829	23821	999999	23839	23839	23839	23831	23842	23842	23842	23834	23809	23801	999999	999999	23838	23838	23838	23830	0	999999	999999	999999	23796	23788	999999	999999	23793	23785	999999	999999	23794	23786	999999	999999	23805	23797	999999	999999	23823	23823	23815	999999	0
23837	23837	999999	999999	23855	23855	999999	999999	23819	23819	23819	23811	23834	23834	999999	999999	23843	23843	999999	999999	23847	23847	999999	999999	23810	23810	23802	999999	23843	23843	999999	999999	23796	23796	23788	999999	999999	0	999999	999999	23796	23796	23788	999999	23799	23799	23791	999999	23810	23810	23802	999999	23828	23828	23828	23820	0
23837	23837	23837	999999	23855	23855	23855	999999	23819	23819	23819	999999	23834	23834	23834	999999	23843	23843	23843	999999	23847	23847	23847	999999	23810	23810	23810	23802	23843	23843	23843	999999	23796	23796	23796	23788	999999	999999	0	999999	23796	23796	23796	23788	23799	23799	23799	23791	23810	23810	23810	23802	23828	23828	23828	999999	0
23837	23837	23837	23837	23855	23855	23855	23855	23819	23819	23819	23819	23834	23834	23834	23834	23843	23843	23843	23843	23847	23847	23847	23847	23810	23810	23810	23810	23843	23843	23843	23843	23796	23796	23796	23796	999999	999999	999999	0	23796	23796	23796	23796	23799	23799	23799	23799	23810	23810	23810	23810	23828	23828	23828	23828	0
23837	23837	23837	23829	23855	23855	23855	23847	23819	23819	23811	999999	23834	23834	23834	23826	23843	23843	23843	23835	23847	23847	23847	23839	23810	23802	999999	999999	23843	23843	23843	23835	23796	23788	999999	999999	0	999999	999999	999999	23796	23788	999999	999999	23799	23791	999999	999999	23810	23802	999999	999999	23828	23828	23820	999999	0
23832	23832	23832	23824	23852	23852	999999	999999	23821	23821	23821	23813	23830	23830	23830	23822	23841	23841	999999	999999	23843	23843	999999	999999	23811	23811	23803	999999	23839	23839	999999	999999	23793	23793	23785	999999	23796	23796	23788	999999	999999	0	999999	999999	23795	23795	23787	999999	23805	23805	23797	999999	23823	23823	23823	23815	0
23832	23832	23832	999999	23852	23852	23852	999999	23821	23821	23821	999999	23830	23830	23830	999999	23841	23841	23841	999999	23843	23843	23843	999999	23811	23811	23811	23803	23839	23839	23839	999999	23793	23793	23793	23785	23796	23796	23796	23788	999999	999999	0	999999	23795	23795	23795	23787	23805	23805	23805	23797	23823	23823	23823	999999	0
23832	23832	23832	23832	23852	23852	23852	23852	23821	23821	23821	23821	23830	23830	23830	23830	23841	23841	23841	23841	23843	23843	23843	23843	23811	23811	23811	23811	23839	23839	23839	23839	23793	23793	23793	23793	23796	23796	23796	23796	999999	999999	999999	0	23795	23795	23795	23795	23805	23805	23805	23805	23823	23823	23823	23823	0
23832	23832	23824	999999	23852	23852	23852	23844	23821	23821	23813	999999	23830	23830	23822	999999	23841	23841	23841	23833	23843	23843	23843	23835	23811	23803	999999	999999	23839	23839	23839	23831	23793	23785	999999	999999	23796	23788	999999	999999	0	999999	999999	999999	23795	23787	999999	999999	23805	23797	999999	999999	23823	23823	23815	999999	0
23829	23829	23829	23821	23848	23848	999999	999999	23818	23818	23818	23810	23826	23826	23826	23818	23837	23837	999999	999999	23839	23839	999999	999999	23809	23809	23801	999999	23835	23835	999999	999999	23794	23794	23786	999999	23799	23799	23791	999999	23795	23795	23787	999999	999999	0	999999	999999	23802	23802	23794	999999	23821	23821	23821	23813	0
23829	23829	23829	999999	23848	23848	23848	999999	23818	23818	23818	999999	23826	23826	23826	999999	23837	23837	23837	999999	23839	23839	23839	999999	23809	23809	23809	23801	23835	23835	23835	999999	23794	23794	23794	23786	23799	23799	23799	23791	23795	23795	23795	23787	999999	999999	0	999999	23802	23802	23802	23794	23821	23821	23821	999999	0
23829	23829	23829	23829	23848	23848	23848	23848	23818	23818	23818	23818	23826	23826	23826	23826	23837	23837	23837	23837	23839	23839	23839	23839	23809	23809	23809	23809	23835	23835	23835	23835	23794	23794	23794	23794	23799	23799	23799	23799	23795	23795	23795	23795	999999	999999	999999	0	23802	23802	23802	23802	23821	23821	23821	23821	0
23829	23829	23821	999999	23848	23848	23848	23840	23818	23818	23810	999999	23826	23826	23818	999999	23837	23837	23837	23829	23839	23839	23839	23831	23809	23801	999999	999999	23835	23835	23835	23827	23794	23786	999999	999999	23799	23791	999999	999999	23795	23787	999999	999999	0	999999	999999	999999	23802	23794	999999	999999	23821	23821	23813	999999	0
23819	23819	23819	23811	23838	23838	999999	999999	23820	23820	23820	23812	23816	23816	23816	23808	23829	23829	23829	23821	23829	23829	23829	23821	23812	23812	23804	999999	23825	23825	23825	23817	23805	23805	23797	999999	23810	23810	23802	999999	23805	23805	23797	999999	23802	23802	23794	999999	999999	0	999999	999999	23812	23812	23804	999999	0
23819	23819	23819	999999	23838	23838	23838	999999	23820	23820	23820	999999	23816	23816	23816	999999	23829	23829	23829	999999	23829	23829	23829	999999	23812	23812	23812	23804	23825	23825	23825	999999	23805	23805	23805	23797	23810	23810	23810	23802	23805	23805	23805	23797	23802	23802	23802	23794	999999	999999	0	999999	23812	23812	23812	23804	0
23819	23819	23819	23819	23838	23838	23838	23838	23820	23820	23820	23820	23816	23816	23816	23816	23829	23829	23829	23829	23829	23829	23829	23829	23812	23812	23812	23812	23825	23825	23825	23825	23805	23805	23805	23805	23810	23810	23810	23810	23805	23805	23805	23805	23802	23802	23802	23802	999999	999999	999999	0	23812	23812	23812	23812	0
23819	23819	23811	999999	23838	23838	23838	23830	23820	23820	23812	999999	23816	23816	23808	999999	23829	23829	23821	999999	23829	23829	23821	999999	23812	23804	999999	999999	23825	23825	23817	999999	23805	23797	999999	999999	23810	23802	999999	999999	23805	23797	999999	999999	23802	23794	999999	999999	0	999999	999999	999999	23812	23804	999999	999999	0
23802	23802	23794	999999	23836	23836	999999	999999	23840	23840	999999	999999	23816	23816	23816	23808	23836	23836	999999	999999	23817	23817	23817	23809	23833	23833	23833	23825	23821	23821	23821	23813	23823	23823	23823	23815	23828	23828	23828	23820	23823	23823	23823	23815	23821	23821	23821	23813	23812	23812	23804	999999	999999	0	999999	999999	0
23802	23802	23802	23794	23836	23836	23836	999999	23840	23840	23840	999999	23816	23816	23816	999999	23836	23836	23836	999999	23817	23817	23817	999999	23833	23833	23833	999999	23821	23821	23821	999999	23823	23823	23823	999999	23828	23828	23828	999999	23823	23823	23823	999999	23821	23821	23821	999999	23812	23812	23812	23804	999999	999999	0	999999	0
23802	23802	23802	23802	23836	23836	23836	23836	23840	23840	23840	23840	23816	23816	23816	23816	23836	23836	23836	23836	23817	23817	23817	23817	23833	23833	23833	23833	23821	23821	23821	23821	23823	23823	23823	23823	23828	23828	23828	23828	23823	23823	23823	23823	23821	23821	23821	23821	23812	23812	23812	23812	999999	999999	999999	0	0
23802	23794	999999	999999	23836	23836	23836	23828	23840	23840	23840	23832	23816	23816	23808	999999	23836	23836	23836	23828	23817	23817	23809	999999	23833	23833	23825	999999	23821	23821	23813	999999	23823	23823	23815	999999	23828	23828	23820	999999	23823	23823	23815	999999	23821	23821	23813	999999	23812	23804	999999	999999	0	999999	999999	999999	0
23783	999999	999999	999999	23783	999999	999999	999999	23783	999999	999999	999999	23783	999999	999999	999999	23783	999999	999999	999999	23783	999999	999999	999999	23783	999999	999999	999999	23783	999999	999999	999999	23783	999999	999999	999999	23783	999999	999999	999999	23783	999999	999999	999999	23783	999999	999999	999999	23783	999999	999999	999999	23783	999999	999999	999999	999999
GTSP_SET_SECTION:
1 1 2 3 4 -1
2 5 6 7 8 -1
3 9 10 11 12 -1
4 13 14 15 16 -1
5 17 18 19 20 -1
6 21 22 23 24 -1
7 25 26 27 28 -1
8 29 30 31 32 -1
9 33 34 35 36 -1
10 37 38 39 40 -1
11 41 42 43 44 -1
12 45 46 47 48 -1
13 49 50 51 52 -1
14 53 54 55 56 -1
15 57 -1
EOF