NAME:  test1
TYPE: AGTSP
COMMENT: gtsp tours
DIMENSION:  57
GTSP_SETS: 15
EDGE_WEIGHT_TYPE: EXPLICIT
EDGE_WEIGHT_FORMAT: FULL_MATRIX 
EDGE_WEIGHT_SECTION
999999	0	999999	999999	26588	26588	999999	999999	26536	26536	26528	999999	26553	26553	26553	26545	26586	26586	999999	999999	26581	26581	999999	999999	26591	26591	999999	999999	26580	26580	999999	999999	26603	26603	999999	999999	26582	26582	999999	999999	26557	26557	26557	26549	26549	26549	26541	999999	26589	26589	999999	999999	26564	26564	26564	26556	0
999999	999999	0	999999	26588	26588	26588	999999	26536	26536	26536	26528	26553	26553	26553	999999	26586	26586	26586	999999	26581	26581	26581	999999	26591	26591	26591	999999	26580	26580	26580	999999	26603	26603	26603	999999	26582	26582	26582	999999	26557	26557	26557	999999	26549	26549	26549	26541	26589	26589	26589	999999	26564	26564	26564	999999	0
999999	999999	999999	0	26588	26588	26588	26588	26536	26536	26536	26536	26553	26553	26553	26553	26586	26586	26586	26586	26581	26581	26581	26581	26591	26591	26591	26591	26580	26580	26580	26580	26603	26603	26603	26603	26582	26582	26582	26582	26557	26557	26557	26557	26549	26549	26549	26549	26589	26589	26589	26589	26564	26564	26564	26564	0
0	999999	999999	999999	26588	26588	26588	26580	26536	26528	999999	999999	26553	26553	26545	999999	26586	26586	26586	26578	26581	26581	26581	26573	26591	26591	26591	26583	26580	26580	26580	26572	26603	999999	999999	999999	26582	26582	26582	26574	26557	26557	26549	999999	26549	26541	999999	999999	26589	26589	26589	26581	26564	26564	26556	999999	0
26588	26588	999999	999999	999999	0	999999	999999	26587	26587	999999	999999	26567	26567	26567	26559	26538	26538	26530	999999	26566	26566	26566	26558	26559	26559	26559	26551	26540	26540	26532	999999	26551	26551	26543	999999	26537	26537	26529	999999	26575	26575	999999	999999	26574	26574	999999	999999	26544	26544	26536	999999	26557	26557	26557	26549	0
26588	26588	26588	999999	999999	999999	0	999999	26587	26587	26587	999999	26567	26567	26567	999999	26538	26538	26538	26530	26566	26566	26566	999999	26559	26559	26559	999999	26540	26540	26540	26532	26551	26551	26551	26543	26537	26537	26537	26529	26575	26575	26575	999999	26574	26574	26574	999999	26544	26544	26544	26536	26557	26557	26557	999999	0
26588	26588	26588	26588	999999	999999	999999	0	26587	26587	26587	26587	26567	26567	26567	26567	26538	26538	26538	26538	26566	26566	26566	26566	26559	26559	26559	26559	26540	26540	26540	26540	26551	26551	26551	26551	26537	26537	26537	26537	26575	26575	26575	26575	26574	26574	26574	26574	26544	26544	26544	26544	26557	26557	26557	26557	0
26588	26588	26588	26580	0	999999	999999	999999	26587	26587	26587	26579	26567	26567	26559	999999	26538	26530	999999	999999	26566	26566	26558	999999	26559	26559	26551	999999	26540	26532	999999	999999	26551	26543	999999	999999	26537	26529	999999	999999	26575	26575	26575	26567	26574	26574	26574	26566	26544	26536	999999	999999	26557	26557	26549	999999	0
26536	26536	26528	999999	26587	26587	999999	999999	999999	0	999999	999999	26552	26552	26544	999999	26584	26584	999999	999999	26577	26577	999999	999999	26587	26587	999999	999999	26578	26578	999999	999999	26601	26601	999999	999999	26581	26581	999999	999999	26552	26552	26544	999999	26545	26545	26537	999999	26588	26588	999999	999999	26561	26561	26561	26553	0
26536	26536	26536	26528	26587	26587	26587	999999	999999	999999	0	999999	26552	26552	26552	26544	26584	26584	26584	999999	26577	26577	26577	999999	26587	26587	26587	999999	26578	26578	26578	999999	26601	26601	26601	999999	26581	26581	26581	999999	26552	26552	26552	26544	26545	26545	26545	26537	26588	26588	26588	999999	26561	26561	26561	999999	0
26536	26536	26536	26536	26587	26587	26587	26587	999999	999999	999999	0	26552	26552	26552	26552	26584	26584	26584	26584	26577	26577	26577	26577	26587	26587	26587	26587	26578	26578	26578	26578	26601	26601	26601	26601	26581	26581	26581	26581	26552	26552	26552	26552	26545	26545	26545	26545	26588	26588	26588	26588	26561	26561	26561	26561	0
26536	26528	999999	999999	26587	26587	26587	26579	0	999999	999999	999999	26552	26544	999999	999999	26584	26584	26584	26576	26577	26577	26577	26569	26587	26587	26587	26579	26578	26578	26578	26570	26601	999999	999999	999999	26581	26581	26581	26573	26552	26544	999999	999999	26545	26537	999999	999999	26588	26588	26588	26580	26561	26561	26553	999999	0
26553	26553	26553	26545	26567	26567	26567	26559	26552	26552	26544	999999	999999	0	999999	999999	26566	26566	26566	26558	26570	26570	26570	26562	26576	26576	999999	999999	26560	26560	26560	26552	26584	26584	999999	999999	26562	26562	26562	26554	26554	26554	26554	26546	26546	26546	26538	999999	26567	26567	26567	26559	26546	26546	26538	999999	0
26553	26553	26553	999999	26567	26567	26567	999999	26552	26552	26552	26544	999999	999999	0	999999	26566	26566	26566	999999	26570	26570	26570	999999	26576	26576	26576	999999	26560	26560	26560	999999	26584	26584	26584	999999	26562	26562	26562	999999	26554	26554	26554	999999	26546	26546	26546	26538	26567	26567	26567	999999	26546	26546	26546	26538	0
26553	26553	26553	26553	26567	26567	26567	26567	26552	26552	26552	26552	999999	999999	999999	0	26566	26566	26566	26566	26570	26570	26570	26570	26576	26576	26576	26576	26560	26560	26560	26560	26584	26584	26584	26584	26562	26562	26562	26562	26554	26554	26554	26554	26546	26546	26546	26546	26567	26567	26567	26567	26546	26546	26546	26546	0
26553	26553	26545	999999	26567	26567	26559	999999	26552	26544	999999	999999	0	999999	999999	999999	26566	26566	26558	999999	26570	26570	26562	999999	26576	26576	26576	26568	26560	26560	26552	999999	26584	26584	26584	26576	26562	26562	26554	999999	26554	26554	26546	999999	26546	26538	999999	999999	26567	26567	26559	999999	26546	26538	999999	999999	0
26586	26586	999999	999999	26538	26538	26530	999999	26584	26584	999999	999999	26566	26566	26566	26558	999999	0	999999	999999	26559	26559	26559	26551	26553	26553	26553	26545	26537	26537	26529	999999	26550	26550	26542	999999	26538	26538	26530	999999	26569	26569	26569	26561	26570	26570	26570	26562	26550	26550	26542	999999	26554	26554	26554	26546	0
26586	26586	26586	999999	26538	26538	26538	26530	26584	26584	26584	999999	26566	26566	26566	999999	999999	999999	0	999999	26559	26559	26559	999999	26553	26553	26553	999999	26537	26537	26537	26529	26550	26550	26550	26542	26538	26538	26538	26530	26569	26569	26569	999999	26570	26570	26570	999999	26550	26550	26550	26542	26554	26554	26554	999999	0
26586	26586	26586	26586	26538	26538	26538	26538	26584	26584	26584	26584	26566	26566	26566	26566	999999	999999	999999	0	26559	26559	26559	26559	26553	26553	26553	26553	26537	26537	26537	26537	26550	26550	26550	26550	26538	26538	26538	26538	26569	26569	26569	26569	26570	26570	26570	26570	26550	26550	26550	26550	26554	26554	26554	26554	0
26586	26586	26586	26578	26538	26530	999999	999999	26584	26584	26584	26576	26566	26566	26558	999999	0	999999	999999	999999	26559	26559	26551	999999	26553	26553	26545	999999	26537	26529	999999	999999	26550	26542	999999	999999	26538	26530	999999	999999	26569	26569	26561	999999	26570	26570	26562	999999	26550	26542	999999	999999	26554	26554	26546	999999	0
26581	26581	999999	999999	26566	26566	26566	26558	26577	26577	999999	999999	26570	26570	26570	26562	26559	26559	26559	26551	999999	0	999999	999999	26544	26544	26536	999999	26559	26559	26559	26551	26565	26565	26565	26557	26563	26563	26563	26555	26556	26556	26556	26548	26563	26563	26563	26555	26577	26577	999999	999999	26556	26556	26556	26548	0
26581	26581	26581	999999	26566	26566	26566	999999	26577	26577	26577	999999	26570	26570	26570	999999	26559	26559	26559	999999	999999	999999	0	999999	26544	26544	26544	26536	26559	26559	26559	999999	26565	26565	26565	999999	26563	26563	26563	999999	26556	26556	26556	999999	26563	26563	26563	999999	26577	26577	26577	999999	26556	26556	26556	999999	0
26581	26581	26581	26581	26566	26566	26566	26566	26577	26577	26577	26577	26570	26570	26570	26570	26559	26559	26559	26559	999999	999999	999999	0	26544	26544	26544	26544	26559	26559	26559	26559	26565	26565	26565	26565	26563	26563	26563	26563	26556	26556	26556	26556	26563	26563	26563	26563	26577	26577	26577	26577	26556	26556	26556	26556	0
26581	26581	26581	26573	26566	26566	26558	999999	26577	26577	26577	26569	26570	26570	26562	999999	26559	26559	26551	999999	0	999999	999999	999999	26544	26536	999999	999999	26559	26559	26551	999999	26565	26565	26557	999999	26563	26563	26555	999999	26556	26556	26548	999999	26563	26563	26555	999999	26577	26577	26577	26569	26556	26556	26548	999999	0
26591	26591	999999	999999	26559	26559	26559	26551	26587	26587	999999	999999	26576	26576	999999	999999	26553	26553	26553	26545	26544	26544	26536	999999	999999	0	999999	999999	26555	26555	26555	26547	26553	26553	26553	26545	26559	26559	26559	26551	26567	26567	26567	26559	26573	26573	26573	26565	26572	26572	26572	26564	26561	26561	26561	26553	0
26591	26591	26591	999999	26559	26559	26559	999999	26587	26587	26587	999999	26576	26576	26576	999999	26553	26553	26553	999999	26544	26544	26544	26536	999999	999999	0	999999	26555	26555	26555	999999	26553	26553	26553	999999	26559	26559	26559	999999	26567	26567	26567	999999	26573	26573	26573	999999	26572	26572	26572	999999	26561	26561	26561	999999	0
26591	26591	26591	26591	26559	26559	26559	26559	26587	26587	26587	26587	26576	26576	26576	26576	26553	26553	26553	26553	26544	26544	26544	26544	999999	999999	999999	0	26555	26555	26555	26555	26553	26553	26553	26553	26559	26559	26559	26559	26567	26567	26567	26567	26573	26573	26573	26573	26572	26572	26572	26572	26561	26561	26561	26561	0
26591	26591	26591	26583	26559	26559	26551	999999	26587	26587	26587	26579	26576	26576	26576	26568	26553	26553	26545	999999	26544	26536	999999	999999	0	999999	999999	999999	26555	26555	26547	999999	26553	26553	26545	999999	26559	26559	26551	999999	26567	26567	26559	999999	26573	26573	26565	999999	26572	26572	26564	999999	26561	26561	26553	999999	0
26580	26580	999999	999999	26540	26540	26532	999999	26578	26578	999999	999999	26560	26560	26560	26552	26537	26537	26529	999999	26559	26559	26559	26551	26555	26555	26555	26547	999999	0	999999	999999	26555	26555	26555	26547	26536	26536	26528	999999	26566	26566	26566	26558	26565	26565	26565	26557	26549	26549	26541	999999	26549	26549	26541	999999	0
26580	26580	26580	999999	26540	26540	26540	26532	26578	26578	26578	999999	26560	26560	26560	999999	26537	26537	26537	26529	26559	26559	26559	999999	26555	26555	26555	999999	999999	999999	0	999999	26555	26555	26555	999999	26536	26536	26536	26528	26566	26566	26566	999999	26565	26565	26565	999999	26549	26549	26549	26541	26549	26549	26549	26541	0
26580	26580	26580	26580	26540	26540	26540	26540	26578	26578	26578	26578	26560	26560	26560	26560	26537	26537	26537	26537	26559	26559	26559	26559	26555	26555	26555	26555	999999	999999	999999	0	26555	26555	26555	26555	26536	26536	26536	26536	26566	26566	26566	26566	26565	26565	26565	26565	26549	26549	26549	26549	26549	26549	26549	26549	0
26580	26580	26580	26572	26540	26532	999999	999999	26578	26578	26578	26570	26560	26560	26552	999999	26537	26529	999999	999999	26559	26559	26551	999999	26555	26555	26547	999999	0	999999	999999	999999	26555	26555	26547	999999	26536	26528	999999	999999	26566	26566	26558	999999	26565	26565	26557	999999	26549	26541	999999	999999	26549	26541	999999	999999	0
26603	26603	999999	999999	26551	26551	26543	999999	26601	26601	999999	999999	26584	26584	999999	999999	26550	26550	26542	999999	26565	26565	26565	26557	26553	26553	26553	26545	26555	26555	26555	26547	999999	0	999999	999999	26556	26556	26556	26548	26584	26584	999999	999999	26587	26587	999999	999999	26562	26562	26562	26554	26571	26571	26571	26563	0
26603	26603	26603	999999	26551	26551	26551	26543	26601	26601	26601	999999	26584	26584	26584	999999	26550	26550	26550	26542	26565	26565	26565	999999	26553	26553	26553	999999	26555	26555	26555	999999	999999	999999	0	999999	26556	26556	26556	999999	26584	26584	26584	999999	26587	26587	26587	999999	26562	26562	26562	999999	26571	26571	26571	999999	0
26603	26603	26603	26603	26551	26551	26551	26551	26601	26601	26601	26601	26584	26584	26584	26584	26550	26550	26550	26550	26565	26565	26565	26565	26553	26553	26553	26553	26555	26555	26555	26555	999999	999999	999999	0	26556	26556	26556	26556	26584	26584	26584	26584	26587	26587	26587	26587	26562	26562	26562	26562	26571	26571	26571	26571	0
26603	999999	999999	999999	26551	26543	999999	999999	26601	999999	999999	999999	26584	26584	26584	26576	26550	26542	999999	999999	26565	26565	26557	999999	26553	26553	26545	999999	26555	26555	26547	999999	0	999999	999999	999999	26556	26556	26548	999999	26584	26584	26584	26576	26587	26587	26587	26579	26562	26562	26554	999999	26571	26571	26563	999999	0
26582	26582	999999	999999	26537	26537	26529	999999	26581	26581	999999	999999	26562	26562	26562	26554	26538	26538	26530	999999	26563	26563	26563	26555	26559	26559	26559	26551	26536	26536	26528	999999	26556	26556	26556	26548	999999	0	999999	999999	26569	26569	26569	26561	26568	26568	26568	26560	26545	26545	26537	999999	26552	26552	26544	999999	0
26582	26582	26582	999999	26537	26537	26537	26529	26581	26581	26581	999999	26562	26562	26562	999999	26538	26538	26538	26530	26563	26563	26563	999999	26559	26559	26559	999999	26536	26536	26536	26528	26556	26556	26556	999999	999999	999999	0	999999	26569	26569	26569	999999	26568	26568	26568	999999	26545	26545	26545	26537	26552	26552	26552	26544	0
26582	26582	26582	26582	26537	26537	26537	26537	26581	26581	26581	26581	26562	26562	26562	26562	26538	26538	26538	26538	26563	26563	26563	26563	26559	26559	26559	26559	26536	26536	26536	26536	26556	26556	26556	26556	999999	999999	999999	0	26569	26569	26569	26569	26568	26568	26568	26568	26545	26545	26545	26545	26552	26552	26552	26552	0
26582	26582	26582	26574	26537	26529	999999	999999	26581	26581	26581	26573	26562	26562	26554	999999	26538	26530	999999	999999	26563	26563	26555	999999	26559	26559	26551	999999	26536	26528	999999	999999	26556	26556	26548	999999	0	999999	999999	999999	26569	26569	26561	999999	26568	26568	26560	999999	26545	26537	999999	999999	26552	26544	999999	999999	0
26557	26557	26557	26549	26575	26575	999999	999999	26552	26552	26544	999999	26554	26554	26554	26546	26569	26569	26569	26561	26556	26556	26556	26548	26567	26567	26567	26559	26566	26566	26566	26558	26584	26584	999999	999999	26569	26569	26569	26561	999999	0	999999	999999	26541	26541	26533	999999	26580	26580	999999	999999	26549	26549	26541	999999	0
26557	26557	26557	999999	26575	26575	26575	999999	26552	26552	26552	26544	26554	26554	26554	999999	26569	26569	26569	999999	26556	26556	26556	999999	26567	26567	26567	999999	26566	26566	26566	999999	26584	26584	26584	999999	26569	26569	26569	999999	999999	999999	0	999999	26541	26541	26541	26533	26580	26580	26580	999999	26549	26549	26549	26541	0
26557	26557	26557	26557	26575	26575	26575	26575	26552	26552	26552	26552	26554	26554	26554	26554	26569	26569	26569	26569	26556	26556	26556	26556	26567	26567	26567	26567	26566	26566	26566	26566	26584	26584	26584	26584	26569	26569	26569	26569	999999	999999	999999	0	26541	26541	26541	26541	26580	26580	26580	26580	26549	26549	26549	26549	0
26557	26557	26549	999999	26575	26575	26575	26567	26552	26544	999999	999999	26554	26554	26546	999999	26569	26569	26561	999999	26556	26556	26548	999999	26567	26567	26559	999999	26566	26566	26558	999999	26584	26584	26584	26576	26569	26569	26561	999999	0	999999	999999	999999	26541	26533	999999	999999	26580	26580	26580	26572	26549	26541	999999	999999	0
26549	26549	26541	999999	26574	26574	999999	999999	26545	26545	26537	999999	26546	26546	26538	999999	26570	26570	26570	26562	26563	26563	26563	26555	26573	26573	26573	26565	26565	26565	26565	26557	26587	26587	999999	999999	26568	26568	26568	26560	26541	26541	26533	999999	999999	0	999999	999999	26577	26577	999999	999999	26548	26548	26540	999999	0
26549	26549	26549	26541	26574	26574	26574	999999	26545	26545	26545	26537	26546	26546	26546	26538	26570	26570	26570	999999	26563	26563	26563	999999	26573	26573	26573	999999	26565	26565	26565	999999	26587	26587	26587	999999	26568	26568	26568	999999	26541	26541	26541	26533	999999	999999	0	999999	26577	26577	26577	999999	26548	26548	26548	26540	0
26549	26549	26549	26549	26574	26574	26574	26574	26545	26545	26545	26545	26546	26546	26546	26546	26570	26570	26570	26570	26563	26563	26563	26563	26573	26573	26573	26573	26565	26565	26565	26565	26587	26587	26587	26587	26568	26568	26568	26568	26541	26541	26541	26541	999999	999999	999999	0	26577	26577	26577	26577	26548	26548	26548	26548	0
26549	26541	999999	999999	26574	26574	26574	26566	26545	26537	999999	999999	26546	26538	999999	999999	26570	26570	26562	999999	26563	26563	26555	999999	26573	26573	26565	999999	26565	26565	26557	999999	26587	26587	26587	26579	26568	26568	26560	999999	26541	26533	999999	999999	0	999999	999999	999999	26577	26577	26577	26569	26548	26540	999999	999999	0
26589	26589	999999	999999	26544	26544	26536	999999	26588	26588	999999	999999	26567	26567	26567	26559	26550	26550	26542	999999	26577	26577	999999	999999	26572	26572	26572	26564	26549	26549	26541	999999	26562	26562	26562	26554	26545	26545	26537	999999	26580	26580	999999	999999	26577	26577	999999	999999	999999	0	999999	999999	26562	26562	26562	26554	0
26589	26589	26589	999999	26544	26544	26544	26536	26588	26588	26588	999999	26567	26567	26567	999999	26550	26550	26550	26542	26577	26577	26577	999999	26572	26572	26572	999999	26549	26549	26549	26541	26562	26562	26562	999999	26545	26545	26545	26537	26580	26580	26580	999999	26577	26577	26577	999999	999999	999999	0	999999	26562	26562	26562	999999	0
26589	26589	26589	26589	26544	26544	26544	26544	26588	26588	26588	26588	26567	26567	26567	26567	26550	26550	26550	26550	26577	26577	26577	26577	26572	26572	26572	26572	26549	26549	26549	26549	26562	26562	26562	26562	26545	26545	26545	26545	26580	26580	26580	26580	26577	26577	26577	26577	999999	999999	999999	0	26562	26562	26562	26562	0
26589	26589	26589	26581	26544	26536	999999	999999	26588	26588	26588	26580	26567	26567	26559	999999	26550	26542	999999	999999	26577	26577	26577	26569	26572	26572	26564	999999	26549	26541	999999	999999	26562	26562	26554	999999	26545	26537	999999	999999	26580	26580	26580	26572	26577	26577	26577	26569	0	999999	999999	999999	26562	26562	26554	999999	0
26564	26564	26564	26556	26557	26557	26557	26549	26561	26561	26561	26553	26546	26546	26538	999999	26554	26554	26554	26546	26556	26556	26556	26548	26561	26561	26561	26553	26549	26549	26541	999999	26571	26571	26571	26563	26552	26552	26544	999999	26549	26549	26541	999999	26548	26548	26540	999999	26562	26562	26562	26554	999999	0	999999	999999	0
26564	26564	26564	999999	26557	26557	26557	999999	26561	26561	26561	999999	26546	26546	26546	26538	26554	26554	26554	999999	26556	26556	26556	999999	26561	26561	26561	999999	26549	26549	26549	26541	26571	26571	26571	999999	26552	26552	26552	26544	26549	26549	26549	26541	26548	26548	26548	26540	26562	26562	26562	999999	999999	999999	0	999999	0
26564	26564	26564	26564	26557	26557	26557	26557	26561	26561	26561	26561	26546	26546	26546	26546	26554	26554	26554	26554	26556	26556	26556	26556	26561	26561	26561	26561	26549	26549	26549	26549	26571	26571	26571	26571	26552	26552	26552	26552	26549	26549	26549	26549	26548	26548	26548	26548	26562	26562	26562	26562	999999	999999	999999	0	0
26564	26564	26556	999999	26557	26557	26549	999999	26561	26561	26553	999999	26546	26538	999999	999999	26554	26554	26546	999999	26556	26556	26548	999999	26561	26561	26553	999999	26549	26541	999999	999999	26571	26571	26563	999999	26552	26544	999999	999999	26549	26541	999999	999999	26548	26540	999999	999999	26562	26562	26554	999999	0	999999	999999	999999	0
26523	999999	999999	999999	26523	999999	999999	999999	26523	999999	999999	999999	26523	999999	999999	999999	26523	999999	999999	999999	26523	999999	999999	999999	26523	999999	999999	999999	26523	999999	999999	999999	26523	999999	999999	999999	26523	999999	999999	999999	26523	999999	999999	999999	26523	999999	999999	999999	26523	999999	999999	999999	26523	999999	999999	999999	999999
GTSP_SET_SECTION:
1 1 2 3 4 -1
2 5 6 7 8 -1
3 9 10 11 12 -1
4 13 14 15 16 -1
5 17 18 19 20 -1
6 21 22 23 24 -1
7 25 26 27 28 -1
8 29 30 31 32 -1
9 33 34 35 36 -1
10 37 38 39 40 -1
11 41 42 43 44 -1
12 45 46 47 48 -1
13 49 50 51 52 -1
14 53 54 55 56 -1
15 57 -1
EOF