NAME:  test1
TYPE: AGTSP
COMMENT: gtsp tours
DIMENSION:  57
GTSP_SETS: 15
EDGE_WEIGHT_TYPE: EXPLICIT
EDGE_WEIGHT_FORMAT: FULL_MATRIX 
EDGE_WEIGHT_SECTION
999999	0	999999	999999	27705	27705	27705	27697	27716	27716	27716	27708	27713	27713	27713	27705	27722	27722	27722	27714	27729	27729	999999	999999	27692	27692	27684	999999	27732	27732	999999	999999	27691	27691	27683	999999	27711	27711	27711	27703	27719	27719	27719	27711	27699	27699	27691	999999	27735	27735	999999	999999	27715	27715	27715	27707	0
999999	999999	0	999999	27705	27705	27705	999999	27716	27716	27716	999999	27713	27713	27713	999999	27722	27722	27722	999999	27729	27729	27729	999999	27692	27692	27692	27684	27732	27732	27732	999999	27691	27691	27691	27683	27711	27711	27711	999999	27719	27719	27719	999999	27699	27699	27699	27691	27735	27735	27735	999999	27715	27715	27715	999999	0
999999	999999	999999	0	27705	27705	27705	27705	27716	27716	27716	27716	27713	27713	27713	27713	27722	27722	27722	27722	27729	27729	27729	27729	27692	27692	27692	27692	27732	27732	27732	27732	27691	27691	27691	27691	27711	27711	27711	27711	27719	27719	27719	27719	27699	27699	27699	27699	27735	27735	27735	27735	27715	27715	27715	27715	0
0	999999	999999	999999	27705	27705	27697	999999	27716	27716	27708	999999	27713	27713	27705	999999	27722	27722	27714	999999	27729	27729	27729	27721	27692	27684	999999	999999	27732	27732	27732	27724	27691	27683	999999	999999	27711	27711	27703	999999	27719	27719	27711	999999	27699	27691	999999	999999	27735	27735	27735	27727	27715	27715	27707	999999	0
27705	27705	27705	27697	999999	0	999999	999999	27693	27693	27685	999999	27705	27705	27705	27697	27708	27708	27708	27700	27707	27707	27707	27699	27699	27699	27691	999999	27708	27708	27708	27700	27694	27694	27686	999999	27686	27686	27678	999999	27702	27702	27702	27694	27704	27704	27704	27696	27711	27711	27711	27703	27695	27695	27687	999999	0
27705	27705	27705	999999	999999	999999	0	999999	27693	27693	27693	27685	27705	27705	27705	999999	27708	27708	27708	999999	27707	27707	27707	999999	27699	27699	27699	27691	27708	27708	27708	999999	27694	27694	27694	27686	27686	27686	27686	27678	27702	27702	27702	999999	27704	27704	27704	999999	27711	27711	27711	999999	27695	27695	27695	27687	0
27705	27705	27705	27705	999999	999999	999999	0	27693	27693	27693	27693	27705	27705	27705	27705	27708	27708	27708	27708	27707	27707	27707	27707	27699	27699	27699	27699	27708	27708	27708	27708	27694	27694	27694	27694	27686	27686	27686	27686	27702	27702	27702	27702	27704	27704	27704	27704	27711	27711	27711	27711	27695	27695	27695	27695	0
27705	27705	27697	999999	0	999999	999999	999999	27693	27685	999999	999999	27705	27705	27697	999999	27708	27708	27700	999999	27707	27707	27699	999999	27699	27691	999999	999999	27708	27708	27700	999999	27694	27686	999999	999999	27686	27678	999999	999999	27702	27702	27694	999999	27704	27704	27696	999999	27711	27711	27703	999999	27695	27687	999999	999999	0
27716	27716	27716	27708	27693	27693	27685	999999	999999	0	999999	999999	27700	27700	27692	999999	27717	27717	27717	27709	27709	27709	27709	27701	27712	27712	27712	27704	27697	27697	27689	999999	27705	27705	27705	27697	27692	27692	27684	999999	27692	27692	27684	999999	27717	27717	27717	27709	27700	27700	27692	999999	27702	27702	27702	27694	0
27716	27716	27716	999999	27693	27693	27693	27685	999999	999999	0	999999	27700	27700	27700	27692	27717	27717	27717	999999	27709	27709	27709	999999	27712	27712	27712	999999	27697	27697	27697	27689	27705	27705	27705	999999	27692	27692	27692	27684	27692	27692	27692	27684	27717	27717	27717	999999	27700	27700	27700	27692	27702	27702	27702	999999	0
27716	27716	27716	27716	27693	27693	27693	27693	999999	999999	999999	0	27700	27700	27700	27700	27717	27717	27717	27717	27709	27709	27709	27709	27712	27712	27712	27712	27697	27697	27697	27697	27705	27705	27705	27705	27692	27692	27692	27692	27692	27692	27692	27692	27717	27717	27717	27717	27700	27700	27700	27700	27702	27702	27702	27702	0
27716	27716	27708	999999	27693	27685	999999	999999	0	999999	999999	999999	27700	27692	999999	999999	27717	27717	27709	999999	27709	27709	27701	999999	27712	27712	27704	999999	27697	27689	999999	999999	27705	27705	27697	999999	27692	27684	999999	999999	27692	27684	999999	999999	27717	27717	27709	999999	27700	27692	999999	999999	27702	27702	27694	999999	0
27713	27713	27713	27705	27705	27705	27705	27697	27700	27700	27692	999999	999999	0	999999	999999	27733	27733	999999	999999	27728	27728	999999	999999	27717	27717	27717	27709	27713	27713	27713	27705	27708	27708	27708	27700	27709	27709	27709	27701	27692	27692	27684	999999	27723	27723	999999	999999	27715	27715	27715	27707	27719	27719	27719	27711	0
27713	27713	27713	999999	27705	27705	27705	999999	27700	27700	27700	27692	999999	999999	0	999999	27733	27733	27733	999999	27728	27728	27728	999999	27717	27717	27717	999999	27713	27713	27713	999999	27708	27708	27708	999999	27709	27709	27709	999999	27692	27692	27692	27684	27723	27723	27723	999999	27715	27715	27715	999999	27719	27719	27719	999999	0
27713	27713	27713	27713	27705	27705	27705	27705	27700	27700	27700	27700	999999	999999	999999	0	27733	27733	27733	27733	27728	27728	27728	27728	27717	27717	27717	27717	27713	27713	27713	27713	27708	27708	27708	27708	27709	27709	27709	27709	27692	27692	27692	27692	27723	27723	27723	27723	27715	27715	27715	27715	27719	27719	27719	27719	0
27713	27713	27705	999999	27705	27705	27697	999999	27700	27692	999999	999999	0	999999	999999	999999	27733	27733	27733	27725	27728	27728	27728	27720	27717	27717	27709	999999	27713	27713	27705	999999	27708	27708	27700	999999	27709	27709	27701	999999	27692	27684	999999	999999	27723	27723	27723	27715	27715	27715	27707	999999	27719	27719	27711	999999	0
27722	27722	27722	27714	27708	27708	27708	27700	27717	27717	27717	27709	27733	27733	999999	999999	999999	0	999999	999999	27697	27697	27689	999999	27710	27710	27710	27702	27721	27721	27721	27713	27714	27714	27714	27706	27705	27705	27705	27697	27728	27728	999999	999999	27706	27706	27706	27698	27725	27725	999999	999999	27695	27695	27687	999999	0
27722	27722	27722	999999	27708	27708	27708	999999	27717	27717	27717	999999	27733	27733	27733	999999	999999	999999	0	999999	27697	27697	27697	27689	27710	27710	27710	999999	27721	27721	27721	999999	27714	27714	27714	999999	27705	27705	27705	999999	27728	27728	27728	999999	27706	27706	27706	999999	27725	27725	27725	999999	27695	27695	27695	27687	0
27722	27722	27722	27722	27708	27708	27708	27708	27717	27717	27717	27717	27733	27733	27733	27733	999999	999999	999999	0	27697	27697	27697	27697	27710	27710	27710	27710	27721	27721	27721	27721	27714	27714	27714	27714	27705	27705	27705	27705	27728	27728	27728	27728	27706	27706	27706	27706	27725	27725	27725	27725	27695	27695	27695	27695	0
27722	27722	27714	999999	27708	27708	27700	999999	27717	27717	27709	999999	27733	27733	27733	27725	0	999999	999999	999999	27697	27689	999999	999999	27710	27710	27702	999999	27721	27721	27713	999999	27714	27714	27706	999999	27705	27705	27697	999999	27728	27728	27728	27720	27706	27706	27698	999999	27725	27725	27725	27717	27695	27687	999999	999999	0
27729	27729	999999	999999	27707	27707	27707	27699	27709	27709	27709	27701	27728	27728	999999	999999	27697	27697	27689	999999	999999	0	999999	999999	27718	27718	27718	27710	27707	27707	27707	27699	27718	27718	27718	27710	27701	27701	27693	999999	27720	27720	27720	27712	27717	27717	27717	27709	27710	27710	27710	27702	27693	27693	27685	999999	0
27729	27729	27729	999999	27707	27707	27707	999999	27709	27709	27709	999999	27728	27728	27728	999999	27697	27697	27697	27689	999999	999999	0	999999	27718	27718	27718	999999	27707	27707	27707	999999	27718	27718	27718	999999	27701	27701	27701	27693	27720	27720	27720	999999	27717	27717	27717	999999	27710	27710	27710	999999	27693	27693	27693	27685	0
27729	27729	27729	27729	27707	27707	27707	27707	27709	27709	27709	27709	27728	27728	27728	27728	27697	27697	27697	27697	999999	999999	999999	0	27718	27718	27718	27718	27707	27707	27707	27707	27718	27718	27718	27718	27701	27701	27701	27701	27720	27720	27720	27720	27717	27717	27717	27717	27710	27710	27710	27710	27693	27693	27693	27693	0
27729	27729	27729	27721	27707	27707	27699	999999	27709	27709	27701	999999	27728	27728	27728	27720	27697	27689	999999	999999	0	999999	999999	999999	27718	27718	27710	999999	27707	27707	27699	999999	27718	27718	27710	999999	27701	27693	999999	999999	27720	27720	27712	999999	27717	27717	27709	999999	27710	27710	27702	999999	27693	27685	999999	999999	0
27692	27692	27684	999999	27699	27699	27691	999999	27712	27712	27712	27704	27717	27717	27717	27709	27710	27710	27710	27702	27718	27718	27718	27710	999999	0	999999	999999	27727	27727	999999	999999	27689	27689	27681	999999	27704	27704	27704	27696	27719	27719	27719	27711	27688	27688	27680	999999	27730	27730	999999	999999	27705	27705	27705	27697	0
27692	27692	27692	27684	27699	27699	27699	27691	27712	27712	27712	999999	27717	27717	27717	999999	27710	27710	27710	999999	27718	27718	27718	999999	999999	999999	0	999999	27727	27727	27727	999999	27689	27689	27689	27681	27704	27704	27704	999999	27719	27719	27719	999999	27688	27688	27688	27680	27730	27730	27730	999999	27705	27705	27705	999999	0
27692	27692	27692	27692	27699	27699	27699	27699	27712	27712	27712	27712	27717	27717	27717	27717	27710	27710	27710	27710	27718	27718	27718	27718	999999	999999	999999	0	27727	27727	27727	27727	27689	27689	27689	27689	27704	27704	27704	27704	27719	27719	27719	27719	27688	27688	27688	27688	27730	27730	27730	27730	27705	27705	27705	27705	0
27692	27684	999999	999999	27699	27691	999999	999999	27712	27712	27704	999999	27717	27717	27709	999999	27710	27710	27702	999999	27718	27718	27710	999999	0	999999	999999	999999	27727	27727	27727	27719	27689	27681	999999	999999	27704	27704	27696	999999	27719	27719	27711	999999	27688	27680	999999	999999	27730	27730	27730	27722	27705	27705	27697	999999	0
27732	27732	999999	999999	27708	27708	27708	27700	27697	27697	27689	999999	27713	27713	27713	27705	27721	27721	27721	27713	27707	27707	27707	27699	27727	27727	999999	999999	999999	0	999999	999999	27721	27721	27721	27713	27704	27704	27704	27696	27701	27701	27693	999999	27730	27730	999999	999999	27684	27684	27676	999999	27708	27708	27708	27700	0
27732	27732	27732	999999	27708	27708	27708	999999	27697	27697	27697	27689	27713	27713	27713	999999	27721	27721	27721	999999	27707	27707	27707	999999	27727	27727	27727	999999	999999	999999	0	999999	27721	27721	27721	999999	27704	27704	27704	999999	27701	27701	27701	27693	27730	27730	27730	999999	27684	27684	27684	27676	27708	27708	27708	999999	0
27732	27732	27732	27732	27708	27708	27708	27708	27697	27697	27697	27697	27713	27713	27713	27713	27721	27721	27721	27721	27707	27707	27707	27707	27727	27727	27727	27727	999999	999999	999999	0	27721	27721	27721	27721	27704	27704	27704	27704	27701	27701	27701	27701	27730	27730	27730	27730	27684	27684	27684	27684	27708	27708	27708	27708	0
27732	27732	27732	27724	27708	27708	27700	999999	27697	27689	999999	999999	27713	27713	27705	999999	27721	27721	27713	999999	27707	27707	27699	999999	27727	27727	27727	27719	0	999999	999999	999999	27721	27721	27713	999999	27704	27704	27696	999999	27701	27693	999999	999999	27730	27730	27730	27722	27684	27676	999999	999999	27708	27708	27700	999999	0
27691	27691	27683	999999	27694	27694	27686	999999	27705	27705	27705	27697	27708	27708	27708	27700	27714	27714	27714	27706	27718	27718	27718	27710	27689	27689	27681	999999	27721	27721	27721	27713	999999	0	999999	999999	27699	27699	27691	999999	27711	27711	27711	27703	27696	27696	27688	999999	27724	27724	999999	999999	27705	27705	27705	27697	0
27691	27691	27691	27683	27694	27694	27694	27686	27705	27705	27705	999999	27708	27708	27708	999999	27714	27714	27714	999999	27718	27718	27718	999999	27689	27689	27689	27681	27721	27721	27721	999999	999999	999999	0	999999	27699	27699	27699	27691	27711	27711	27711	999999	27696	27696	27696	27688	27724	27724	27724	999999	27705	27705	27705	999999	0
27691	27691	27691	27691	27694	27694	27694	27694	27705	27705	27705	27705	27708	27708	27708	27708	27714	27714	27714	27714	27718	27718	27718	27718	27689	27689	27689	27689	27721	27721	27721	27721	999999	999999	999999	0	27699	27699	27699	27699	27711	27711	27711	27711	27696	27696	27696	27696	27724	27724	27724	27724	27705	27705	27705	27705	0
27691	27683	999999	999999	27694	27686	999999	999999	27705	27705	27697	999999	27708	27708	27700	999999	27714	27714	27706	999999	27718	27718	27710	999999	27689	27681	999999	999999	27721	27721	27713	999999	0	999999	999999	999999	27699	27691	999999	999999	27711	27711	27703	999999	27696	27688	999999	999999	27724	27724	27724	27716	27705	27705	27697	999999	0
27711	27711	27711	27703	27686	27686	27678	999999	27692	27692	27684	999999	27709	27709	27709	27701	27705	27705	27705	27697	27701	27701	27693	999999	27704	27704	27704	27696	27704	27704	27704	27696	27699	27699	27691	999999	999999	0	999999	999999	27703	27703	27703	27695	27706	27706	27706	27698	27707	27707	27707	27699	27691	27691	27683	999999	0
27711	27711	27711	999999	27686	27686	27686	27678	27692	27692	27692	27684	27709	27709	27709	999999	27705	27705	27705	999999	27701	27701	27701	27693	27704	27704	27704	999999	27704	27704	27704	999999	27699	27699	27699	27691	999999	999999	0	999999	27703	27703	27703	999999	27706	27706	27706	999999	27707	27707	27707	999999	27691	27691	27691	27683	0
27711	27711	27711	27711	27686	27686	27686	27686	27692	27692	27692	27692	27709	27709	27709	27709	27705	27705	27705	27705	27701	27701	27701	27701	27704	27704	27704	27704	27704	27704	27704	27704	27699	27699	27699	27699	999999	999999	999999	0	27703	27703	27703	27703	27706	27706	27706	27706	27707	27707	27707	27707	27691	27691	27691	27691	0
27711	27711	27703	999999	27686	27678	999999	999999	27692	27684	999999	999999	27709	27709	27701	999999	27705	27705	27697	999999	27701	27693	999999	999999	27704	27704	27696	999999	27704	27704	27696	999999	27699	27691	999999	999999	0	999999	999999	999999	27703	27703	27695	999999	27706	27706	27698	999999	27707	27707	27699	999999	27691	27683	999999	999999	0
27719	27719	27719	27711	27702	27702	27702	27694	27692	27692	27684	999999	27692	27692	27684	999999	27728	27728	999999	999999	27720	27720	27720	27712	27719	27719	27719	27711	27701	27701	27693	999999	27711	27711	27711	27703	27703	27703	27703	27695	999999	0	999999	999999	27725	27725	999999	999999	27703	27703	27703	27695	27713	27713	27713	27705	0
27719	27719	27719	999999	27702	27702	27702	999999	27692	27692	27692	27684	27692	27692	27692	27684	27728	27728	27728	999999	27720	27720	27720	999999	27719	27719	27719	999999	27701	27701	27701	27693	27711	27711	27711	999999	27703	27703	27703	999999	999999	999999	0	999999	27725	27725	27725	999999	27703	27703	27703	999999	27713	27713	27713	999999	0
27719	27719	27719	27719	27702	27702	27702	27702	27692	27692	27692	27692	27692	27692	27692	27692	27728	27728	27728	27728	27720	27720	27720	27720	27719	27719	27719	27719	27701	27701	27701	27701	27711	27711	27711	27711	27703	27703	27703	27703	999999	999999	999999	0	27725	27725	27725	27725	27703	27703	27703	27703	27713	27713	27713	27713	0
27719	27719	27711	999999	27702	27702	27694	999999	27692	27684	999999	999999	27692	27684	999999	999999	27728	27728	27728	27720	27720	27720	27712	999999	27719	27719	27711	999999	27701	27693	999999	999999	27711	27711	27703	999999	27703	27703	27695	999999	0	999999	999999	999999	27725	27725	27725	27717	27703	27703	27695	999999	27713	27713	27705	999999	0
27699	27699	27691	999999	27704	27704	27704	27696	27717	27717	27717	27709	27723	27723	999999	999999	27706	27706	27706	27698	27717	27717	27717	27709	27688	27688	27680	999999	27730	27730	999999	999999	27696	27696	27688	999999	27706	27706	27706	27698	27725	27725	999999	999999	999999	0	999999	999999	27733	27733	999999	999999	27705	27705	27705	27697	0
27699	27699	27699	27691	27704	27704	27704	999999	27717	27717	27717	999999	27723	27723	27723	999999	27706	27706	27706	999999	27717	27717	27717	999999	27688	27688	27688	27680	27730	27730	27730	999999	27696	27696	27696	27688	27706	27706	27706	999999	27725	27725	27725	999999	999999	999999	0	999999	27733	27733	27733	999999	27705	27705	27705	999999	0
27699	27699	27699	27699	27704	27704	27704	27704	27717	27717	27717	27717	27723	27723	27723	27723	27706	27706	27706	27706	27717	27717	27717	27717	27688	27688	27688	27688	27730	27730	27730	27730	27696	27696	27696	27696	27706	27706	27706	27706	27725	27725	27725	27725	999999	999999	999999	0	27733	27733	27733	27733	27705	27705	27705	27705	0
27699	27691	999999	999999	27704	27704	27696	999999	27717	27717	27709	999999	27723	27723	27723	27715	27706	27706	27698	999999	27717	27717	27709	999999	27688	27680	999999	999999	27730	27730	27730	27722	27696	27688	999999	999999	27706	27706	27698	999999	27725	27725	27725	27717	0	999999	999999	999999	27733	27733	27733	27725	27705	27705	27697	999999	0
27735	27735	999999	999999	27711	27711	27711	27703	27700	27700	27692	999999	27715	27715	27715	27707	27725	27725	999999	999999	27710	27710	27710	27702	27730	27730	999999	999999	27684	27684	27676	999999	27724	27724	999999	999999	27707	27707	27707	27699	27703	27703	27703	27695	27733	27733	999999	999999	999999	0	999999	999999	27712	27712	27712	27704	0
27735	27735	27735	999999	27711	27711	27711	999999	27700	27700	27700	27692	27715	27715	27715	999999	27725	27725	27725	999999	27710	27710	27710	999999	27730	27730	27730	999999	27684	27684	27684	27676	27724	27724	27724	999999	27707	27707	27707	999999	27703	27703	27703	999999	27733	27733	27733	999999	999999	999999	0	999999	27712	27712	27712	999999	0
27735	27735	27735	27735	27711	27711	27711	27711	27700	27700	27700	27700	27715	27715	27715	27715	27725	27725	27725	27725	27710	27710	27710	27710	27730	27730	27730	27730	27684	27684	27684	27684	27724	27724	27724	27724	27707	27707	27707	27707	27703	27703	27703	27703	27733	27733	27733	27733	999999	999999	999999	0	27712	27712	27712	27712	0
27735	27735	27735	27727	27711	27711	27703	999999	27700	27692	999999	999999	27715	27715	27707	999999	27725	27725	27725	27717	27710	27710	27702	999999	27730	27730	27730	27722	27684	27676	999999	999999	27724	27724	27724	27716	27707	27707	27699	999999	27703	27703	27695	999999	27733	27733	27733	27725	0	999999	999999	999999	27712	27712	27704	999999	0
27715	27715	27715	27707	27695	27695	27687	999999	27702	27702	27702	27694	27719	27719	27719	27711	27695	27695	27687	999999	27693	27693	27685	999999	27705	27705	27705	27697	27708	27708	27708	27700	27705	27705	27705	27697	27691	27691	27683	999999	27713	27713	27713	27705	27705	27705	27705	27697	27712	27712	27712	27704	999999	0	999999	999999	0
27715	27715	27715	999999	27695	27695	27695	27687	27702	27702	27702	999999	27719	27719	27719	999999	27695	27695	27695	27687	27693	27693	27693	27685	27705	27705	27705	999999	27708	27708	27708	999999	27705	27705	27705	999999	27691	27691	27691	27683	27713	27713	27713	999999	27705	27705	27705	999999	27712	27712	27712	999999	999999	999999	0	999999	0
27715	27715	27715	27715	27695	27695	27695	27695	27702	27702	27702	27702	27719	27719	27719	27719	27695	27695	27695	27695	27693	27693	27693	27693	27705	27705	27705	27705	27708	27708	27708	27708	27705	27705	27705	27705	27691	27691	27691	27691	27713	27713	27713	27713	27705	27705	27705	27705	27712	27712	27712	27712	999999	999999	999999	0	0
27715	27715	27707	999999	27695	27687	999999	999999	27702	27702	27694	999999	27719	27719	27711	999999	27695	27687	999999	999999	27693	27685	999999	999999	27705	27705	27697	999999	27708	27708	27700	999999	27705	27705	27697	999999	27691	27683	999999	999999	27713	27713	27705	999999	27705	27705	27697	999999	27712	27712	27704	999999	0	999999	999999	999999	0
27672	999999	999999	999999	27672	999999	999999	999999	27672	999999	999999	999999	27672	999999	999999	999999	27672	999999	999999	999999	27672	999999	999999	999999	27672	999999	999999	999999	27672	999999	999999	999999	27672	999999	999999	999999	27672	999999	999999	999999	27672	999999	999999	999999	27672	999999	999999	999999	27672	999999	999999	999999	27672	999999	999999	999999	999999
GTSP_SET_SECTION:
1 1 2 3 4 -1
2 5 6 7 8 -1
3 9 10 11 12 -1
4 13 14 15 16 -1
5 17 18 19 20 -1
6 21 22 23 24 -1
7 25 26 27 28 -1
8 29 30 31 32 -1
9 33 34 35 36 -1
10 37 38 39 40 -1
11 41 42 43 44 -1
12 45 46 47 48 -1
13 49 50 51 52 -1
14 53 54 55 56 -1
15 57 -1
EOF