NAME:  test1
TYPE: AGTSP
COMMENT: gtsp tours
DIMENSION:  57
GTSP_SETS: 15
EDGE_WEIGHT_TYPE: EXPLICIT
EDGE_WEIGHT_FORMAT: FULL_MATRIX 
EDGE_WEIGHT_SECTION
999999	0	999999	999999	27257	27257	999999	999999	27223	27223	27215	999999	27245	27245	27245	27237	27217	27217	27209	999999	27234	27234	27234	27226	27231	27231	27231	27223	27249	27249	27249	27241	27258	27258	999999	999999	27251	27251	27251	27243	27256	27256	999999	999999	27228	27228	27220	999999	27221	27221	27213	999999	27218	27218	27210	999999	0
999999	999999	0	999999	27257	27257	27257	999999	27223	27223	27223	27215	27245	27245	27245	999999	27217	27217	27217	27209	27234	27234	27234	999999	27231	27231	27231	999999	27249	27249	27249	999999	27258	27258	27258	999999	27251	27251	27251	999999	27256	27256	27256	999999	27228	27228	27228	27220	27221	27221	27221	27213	27218	27218	27218	27210	0
999999	999999	999999	0	27257	27257	27257	27257	27223	27223	27223	27223	27245	27245	27245	27245	27217	27217	27217	27217	27234	27234	27234	27234	27231	27231	27231	27231	27249	27249	27249	27249	27258	27258	27258	27258	27251	27251	27251	27251	27256	27256	27256	27256	27228	27228	27228	27228	27221	27221	27221	27221	27218	27218	27218	27218	0
0	999999	999999	999999	27257	27257	27257	27249	27223	27215	999999	999999	27245	27245	27237	999999	27217	27209	999999	999999	27234	27234	27226	999999	27231	27231	27223	999999	27249	27249	27241	999999	27258	27258	27258	27250	27251	27251	27243	999999	27256	27256	27256	27248	27228	27220	999999	999999	27221	27213	999999	999999	27218	27210	999999	999999	0
27257	27257	999999	999999	999999	0	999999	999999	27257	27257	999999	999999	27248	27248	27248	27240	27254	27254	999999	999999	27233	27233	27233	27225	27268	27268	999999	999999	27229	27229	27221	999999	27236	27236	27236	27228	27223	27223	27215	999999	27223	27223	27215	999999	27238	27238	27238	27230	27251	27251	27251	27243	27258	27258	999999	999999	0
27257	27257	27257	999999	999999	999999	0	999999	27257	27257	27257	999999	27248	27248	27248	999999	27254	27254	27254	999999	27233	27233	27233	999999	27268	27268	27268	999999	27229	27229	27229	27221	27236	27236	27236	999999	27223	27223	27223	27215	27223	27223	27223	27215	27238	27238	27238	999999	27251	27251	27251	999999	27258	27258	27258	999999	0
27257	27257	27257	27257	999999	999999	999999	0	27257	27257	27257	27257	27248	27248	27248	27248	27254	27254	27254	27254	27233	27233	27233	27233	27268	27268	27268	27268	27229	27229	27229	27229	27236	27236	27236	27236	27223	27223	27223	27223	27223	27223	27223	27223	27238	27238	27238	27238	27251	27251	27251	27251	27258	27258	27258	27258	0
27257	27257	27257	27249	0	999999	999999	999999	27257	27257	27257	27249	27248	27248	27240	999999	27254	27254	27254	27246	27233	27233	27225	999999	27268	27268	27268	27260	27229	27221	999999	999999	27236	27236	27228	999999	27223	27215	999999	999999	27223	27215	999999	999999	27238	27238	27230	999999	27251	27251	27243	999999	27258	27258	27258	27250	0
27223	27223	27215	999999	27257	27257	999999	999999	999999	0	999999	999999	27255	27255	999999	999999	27217	27217	27209	999999	27238	27238	27238	27230	27245	27245	27245	27237	27244	27244	27244	27236	27250	27250	27250	27242	27255	27255	999999	999999	27252	27252	999999	999999	27231	27231	27231	27223	27233	27233	27233	27225	27215	27215	27207	999999	0
27223	27223	27223	27215	27257	27257	27257	999999	999999	999999	0	999999	27255	27255	27255	999999	27217	27217	27217	27209	27238	27238	27238	999999	27245	27245	27245	999999	27244	27244	27244	999999	27250	27250	27250	999999	27255	27255	27255	999999	27252	27252	27252	999999	27231	27231	27231	999999	27233	27233	27233	999999	27215	27215	27215	27207	0
27223	27223	27223	27223	27257	27257	27257	27257	999999	999999	999999	0	27255	27255	27255	27255	27217	27217	27217	27217	27238	27238	27238	27238	27245	27245	27245	27245	27244	27244	27244	27244	27250	27250	27250	27250	27255	27255	27255	27255	27252	27252	27252	27252	27231	27231	27231	27231	27233	27233	27233	27233	27215	27215	27215	27215	0
27223	27215	999999	999999	27257	27257	27257	27249	0	999999	999999	999999	27255	27255	27255	27247	27217	27209	999999	999999	27238	27238	27230	999999	27245	27245	27237	999999	27244	27244	27236	999999	27250	27250	27242	999999	27255	27255	27255	27247	27252	27252	27252	27244	27231	27231	27223	999999	27233	27233	27225	999999	27215	27207	999999	999999	0
27245	27245	27245	27237	27248	27248	27248	27240	27255	27255	999999	999999	999999	0	999999	999999	27248	27248	27248	27240	27233	27233	27233	27225	27239	27239	27239	27231	27256	27256	999999	999999	27266	27266	999999	999999	27234	27234	27234	27226	27257	27257	999999	999999	27238	27238	27238	27230	27233	27233	27233	27225	27252	27252	999999	999999	0
27245	27245	27245	999999	27248	27248	27248	999999	27255	27255	27255	999999	999999	999999	0	999999	27248	27248	27248	999999	27233	27233	27233	999999	27239	27239	27239	999999	27256	27256	27256	999999	27266	27266	27266	999999	27234	27234	27234	999999	27257	27257	27257	999999	27238	27238	27238	999999	27233	27233	27233	999999	27252	27252	27252	999999	0
27245	27245	27245	27245	27248	27248	27248	27248	27255	27255	27255	27255	999999	999999	999999	0	27248	27248	27248	27248	27233	27233	27233	27233	27239	27239	27239	27239	27256	27256	27256	27256	27266	27266	27266	27266	27234	27234	27234	27234	27257	27257	27257	27257	27238	27238	27238	27238	27233	27233	27233	27233	27252	27252	27252	27252	0
27245	27245	27237	999999	27248	27248	27240	999999	27255	27255	27255	27247	0	999999	999999	999999	27248	27248	27240	999999	27233	27233	27225	999999	27239	27239	27231	999999	27256	27256	27256	27248	27266	27266	27266	27258	27234	27234	27226	999999	27257	27257	27257	27249	27238	27238	27230	999999	27233	27233	27225	999999	27252	27252	27252	27244	0
27217	27217	27209	999999	27254	27254	999999	999999	27217	27217	27209	999999	27248	27248	27248	27240	999999	0	999999	999999	27233	27233	27233	27225	27238	27238	27238	27230	27243	27243	27243	27235	27251	27251	27251	27243	27250	27250	27250	27242	27251	27251	27251	27243	27226	27226	27218	999999	27226	27226	27218	999999	27214	27214	27206	999999	0
27217	27217	27217	27209	27254	27254	27254	999999	27217	27217	27217	27209	27248	27248	27248	999999	999999	999999	0	999999	27233	27233	27233	999999	27238	27238	27238	999999	27243	27243	27243	999999	27251	27251	27251	999999	27250	27250	27250	999999	27251	27251	27251	999999	27226	27226	27226	27218	27226	27226	27226	27218	27214	27214	27214	27206	0
27217	27217	27217	27217	27254	27254	27254	27254	27217	27217	27217	27217	27248	27248	27248	27248	999999	999999	999999	0	27233	27233	27233	27233	27238	27238	27238	27238	27243	27243	27243	27243	27251	27251	27251	27251	27250	27250	27250	27250	27251	27251	27251	27251	27226	27226	27226	27226	27226	27226	27226	27226	27214	27214	27214	27214	0
27217	27209	999999	999999	27254	27254	27254	27246	27217	27209	999999	999999	27248	27248	27240	999999	0	999999	999999	999999	27233	27233	27225	999999	27238	27238	27230	999999	27243	27243	27235	999999	27251	27251	27243	999999	27250	27250	27242	999999	27251	27251	27243	999999	27226	27218	999999	999999	27226	27218	999999	999999	27214	27206	999999	999999	0
27234	27234	27234	27226	27233	27233	27233	27225	27238	27238	27238	27230	27233	27233	27233	27225	27233	27233	27233	27225	999999	0	999999	999999	27245	27245	27245	27237	27232	27232	27232	27224	27243	27243	27243	27235	27226	27226	27218	999999	27236	27236	27236	27228	27216	27216	27208	999999	27228	27228	27220	999999	27237	27237	27237	27229	0
27234	27234	27234	999999	27233	27233	27233	999999	27238	27238	27238	999999	27233	27233	27233	999999	27233	27233	27233	999999	999999	999999	0	999999	27245	27245	27245	999999	27232	27232	27232	999999	27243	27243	27243	999999	27226	27226	27226	27218	27236	27236	27236	999999	27216	27216	27216	27208	27228	27228	27228	27220	27237	27237	27237	999999	0
27234	27234	27234	27234	27233	27233	27233	27233	27238	27238	27238	27238	27233	27233	27233	27233	27233	27233	27233	27233	999999	999999	999999	0	27245	27245	27245	27245	27232	27232	27232	27232	27243	27243	27243	27243	27226	27226	27226	27226	27236	27236	27236	27236	27216	27216	27216	27216	27228	27228	27228	27228	27237	27237	27237	27237	0
27234	27234	27226	999999	27233	27233	27225	999999	27238	27238	27230	999999	27233	27233	27225	999999	27233	27233	27225	999999	0	999999	999999	999999	27245	27245	27237	999999	27232	27232	27224	999999	27243	27243	27235	999999	27226	27218	999999	999999	27236	27236	27228	999999	27216	27208	999999	999999	27228	27220	999999	999999	27237	27237	27229	999999	0
27231	27231	27231	27223	27268	27268	999999	999999	27245	27245	27245	27237	27239	27239	27239	27231	27238	27238	27238	27230	27245	27245	27245	27237	999999	0	999999	999999	27266	27266	999999	999999	27276	27276	999999	999999	27257	27257	999999	999999	27271	27271	999999	999999	27242	27242	27242	27234	27227	27227	27219	999999	27239	27239	27239	27231	0
27231	27231	27231	999999	27268	27268	27268	999999	27245	27245	27245	999999	27239	27239	27239	999999	27238	27238	27238	999999	27245	27245	27245	999999	999999	999999	0	999999	27266	27266	27266	999999	27276	27276	27276	999999	27257	27257	27257	999999	27271	27271	27271	999999	27242	27242	27242	999999	27227	27227	27227	27219	27239	27239	27239	999999	0
27231	27231	27231	27231	27268	27268	27268	27268	27245	27245	27245	27245	27239	27239	27239	27239	27238	27238	27238	27238	27245	27245	27245	27245	999999	999999	999999	0	27266	27266	27266	27266	27276	27276	27276	27276	27257	27257	27257	27257	27271	27271	27271	27271	27242	27242	27242	27242	27227	27227	27227	27227	27239	27239	27239	27239	0
27231	27231	27223	999999	27268	27268	27268	27260	27245	27245	27237	999999	27239	27239	27231	999999	27238	27238	27230	999999	27245	27245	27237	999999	0	999999	999999	999999	27266	27266	27266	27258	27276	999999	999999	999999	27257	27257	27257	27249	27271	27271	27271	27263	27242	27242	27234	999999	27227	27219	999999	999999	27239	27239	27231	999999	0
27249	27249	27249	27241	27229	27229	27221	999999	27244	27244	27244	27236	27256	27256	999999	999999	27243	27243	27243	27235	27232	27232	27232	27224	27266	27266	999999	999999	999999	0	999999	999999	27220	27220	27212	999999	27237	27237	27237	27229	27218	27218	27210	999999	27233	27233	27233	27225	27248	27248	27248	27240	27247	27247	27247	27239	0
27249	27249	27249	999999	27229	27229	27229	27221	27244	27244	27244	999999	27256	27256	27256	999999	27243	27243	27243	999999	27232	27232	27232	999999	27266	27266	27266	999999	999999	999999	0	999999	27220	27220	27220	27212	27237	27237	27237	999999	27218	27218	27218	27210	27233	27233	27233	999999	27248	27248	27248	999999	27247	27247	27247	999999	0
27249	27249	27249	27249	27229	27229	27229	27229	27244	27244	27244	27244	27256	27256	27256	27256	27243	27243	27243	27243	27232	27232	27232	27232	27266	27266	27266	27266	999999	999999	999999	0	27220	27220	27220	27220	27237	27237	27237	27237	27218	27218	27218	27218	27233	27233	27233	27233	27248	27248	27248	27248	27247	27247	27247	27247	0
27249	27249	27241	999999	27229	27221	999999	999999	27244	27244	27236	999999	27256	27256	27256	27248	27243	27243	27235	999999	27232	27232	27224	999999	27266	27266	27266	27258	0	999999	999999	999999	27220	27212	999999	999999	27237	27237	27229	999999	27218	27210	999999	999999	27233	27233	27225	999999	27248	27248	27240	999999	27247	27247	27239	999999	0
27258	27258	999999	999999	27236	27236	27236	27228	27250	27250	27250	27242	27266	27266	999999	999999	27251	27251	27251	27243	27243	27243	27243	27235	27276	27276	999999	999999	27220	27220	27212	999999	999999	0	999999	999999	27246	27246	27246	27238	27222	27222	27214	999999	27243	27243	27243	27235	27258	27258	999999	999999	27254	27254	999999	999999	0
27258	27258	27258	999999	27236	27236	27236	999999	27250	27250	27250	999999	27266	27266	27266	999999	27251	27251	27251	999999	27243	27243	27243	999999	27276	27276	27276	999999	27220	27220	27220	27212	999999	999999	0	999999	27246	27246	27246	999999	27222	27222	27222	27214	27243	27243	27243	999999	27258	27258	27258	999999	27254	27254	27254	999999	0
27258	27258	27258	27258	27236	27236	27236	27236	27250	27250	27250	27250	27266	27266	27266	27266	27251	27251	27251	27251	27243	27243	27243	27243	27276	27276	27276	27276	27220	27220	27220	27220	999999	999999	999999	0	27246	27246	27246	27246	27222	27222	27222	27222	27243	27243	27243	27243	27258	27258	27258	27258	27254	27254	27254	27254	0
27258	27258	27258	27250	27236	27236	27228	999999	27250	27250	27242	999999	27266	27266	27266	27258	27251	27251	27243	999999	27243	27243	27235	999999	27276	999999	999999	999999	27220	27212	999999	999999	0	999999	999999	999999	27246	27246	27238	999999	27222	27214	999999	999999	27243	27243	27235	999999	27258	27258	27258	27250	27254	27254	27254	27246	0
27251	27251	27251	27243	27223	27223	27215	999999	27255	27255	999999	999999	27234	27234	27234	27226	27250	27250	27250	27242	27226	27226	27218	999999	27257	27257	999999	999999	27237	27237	27237	27229	27246	27246	27246	27238	999999	0	999999	999999	27234	27234	27234	27226	27233	27233	27233	27225	27242	27242	27242	27234	27255	27255	999999	999999	0
27251	27251	27251	999999	27223	27223	27223	27215	27255	27255	27255	999999	27234	27234	27234	999999	27250	27250	27250	999999	27226	27226	27226	27218	27257	27257	27257	999999	27237	27237	27237	999999	27246	27246	27246	999999	999999	999999	0	999999	27234	27234	27234	999999	27233	27233	27233	999999	27242	27242	27242	999999	27255	27255	27255	999999	0
27251	27251	27251	27251	27223	27223	27223	27223	27255	27255	27255	27255	27234	27234	27234	27234	27250	27250	27250	27250	27226	27226	27226	27226	27257	27257	27257	27257	27237	27237	27237	27237	27246	27246	27246	27246	999999	999999	999999	0	27234	27234	27234	27234	27233	27233	27233	27233	27242	27242	27242	27242	27255	27255	27255	27255	0
27251	27251	27243	999999	27223	27215	999999	999999	27255	27255	27255	27247	27234	27234	27226	999999	27250	27250	27242	999999	27226	27218	999999	999999	27257	27257	27257	27249	27237	27237	27229	999999	27246	27246	27238	999999	0	999999	999999	999999	27234	27234	27226	999999	27233	27233	27225	999999	27242	27242	27234	999999	27255	27255	27255	27247	0
27256	27256	999999	999999	27223	27223	27215	999999	27252	27252	999999	999999	27257	27257	999999	999999	27251	27251	27251	27243	27236	27236	27236	27228	27271	27271	999999	999999	27218	27218	27210	999999	27222	27222	27214	999999	27234	27234	27234	27226	999999	0	999999	999999	27238	27238	27238	27230	27254	27254	999999	999999	27255	27255	999999	999999	0
27256	27256	27256	999999	27223	27223	27223	27215	27252	27252	27252	999999	27257	27257	27257	999999	27251	27251	27251	999999	27236	27236	27236	999999	27271	27271	27271	999999	27218	27218	27218	27210	27222	27222	27222	27214	27234	27234	27234	999999	999999	999999	0	999999	27238	27238	27238	999999	27254	27254	27254	999999	27255	27255	27255	999999	0
27256	27256	27256	27256	27223	27223	27223	27223	27252	27252	27252	27252	27257	27257	27257	27257	27251	27251	27251	27251	27236	27236	27236	27236	27271	27271	27271	27271	27218	27218	27218	27218	27222	27222	27222	27222	27234	27234	27234	27234	999999	999999	999999	0	27238	27238	27238	27238	27254	27254	27254	27254	27255	27255	27255	27255	0
27256	27256	27256	27248	27223	27215	999999	999999	27252	27252	27252	27244	27257	27257	27257	27249	27251	27251	27243	999999	27236	27236	27228	999999	27271	27271	27271	27263	27218	27210	999999	999999	27222	27214	999999	999999	27234	27234	27226	999999	0	999999	999999	999999	27238	27238	27230	999999	27254	27254	27254	27246	27255	27255	27255	27247	0
27228	27228	27220	999999	27238	27238	27238	27230	27231	27231	27231	27223	27238	27238	27238	27230	27226	27226	27218	999999	27216	27216	27208	999999	27242	27242	27242	27234	27233	27233	27233	27225	27243	27243	27243	27235	27233	27233	27233	27225	27238	27238	27238	27230	999999	0	999999	999999	27225	27225	27217	999999	27230	27230	27222	999999	0
27228	27228	27228	27220	27238	27238	27238	999999	27231	27231	27231	999999	27238	27238	27238	999999	27226	27226	27226	27218	27216	27216	27216	27208	27242	27242	27242	999999	27233	27233	27233	999999	27243	27243	27243	999999	27233	27233	27233	999999	27238	27238	27238	999999	999999	999999	0	999999	27225	27225	27225	27217	27230	27230	27230	27222	0
27228	27228	27228	27228	27238	27238	27238	27238	27231	27231	27231	27231	27238	27238	27238	27238	27226	27226	27226	27226	27216	27216	27216	27216	27242	27242	27242	27242	27233	27233	27233	27233	27243	27243	27243	27243	27233	27233	27233	27233	27238	27238	27238	27238	999999	999999	999999	0	27225	27225	27225	27225	27230	27230	27230	27230	0
27228	27220	999999	999999	27238	27238	27230	999999	27231	27231	27223	999999	27238	27238	27230	999999	27226	27218	999999	999999	27216	27208	999999	999999	27242	27242	27234	999999	27233	27233	27225	999999	27243	27243	27235	999999	27233	27233	27225	999999	27238	27238	27230	999999	0	999999	999999	999999	27225	27217	999999	999999	27230	27222	999999	999999	0
27221	27221	27213	999999	27251	27251	27251	27243	27233	27233	27233	27225	27233	27233	27233	27225	27226	27226	27218	999999	27228	27228	27220	999999	27227	27227	27219	999999	27248	27248	27248	27240	27258	27258	999999	999999	27242	27242	27242	27234	27254	27254	999999	999999	27225	27225	27217	999999	999999	0	999999	999999	27229	27229	27221	999999	0
27221	27221	27221	27213	27251	27251	27251	999999	27233	27233	27233	999999	27233	27233	27233	999999	27226	27226	27226	27218	27228	27228	27228	27220	27227	27227	27227	27219	27248	27248	27248	999999	27258	27258	27258	999999	27242	27242	27242	999999	27254	27254	27254	999999	27225	27225	27225	27217	999999	999999	0	999999	27229	27229	27229	27221	0
27221	27221	27221	27221	27251	27251	27251	27251	27233	27233	27233	27233	27233	27233	27233	27233	27226	27226	27226	27226	27228	27228	27228	27228	27227	27227	27227	27227	27248	27248	27248	27248	27258	27258	27258	27258	27242	27242	27242	27242	27254	27254	27254	27254	27225	27225	27225	27225	999999	999999	999999	0	27229	27229	27229	27229	0
27221	27213	999999	999999	27251	27251	27243	999999	27233	27233	27225	999999	27233	27233	27225	999999	27226	27218	999999	999999	27228	27220	999999	999999	27227	27219	999999	999999	27248	27248	27240	999999	27258	27258	27258	27250	27242	27242	27234	999999	27254	27254	27254	27246	27225	27217	999999	999999	0	999999	999999	999999	27229	27221	999999	999999	0
27218	27218	27210	999999	27258	27258	999999	999999	27215	27215	27207	999999	27252	27252	999999	999999	27214	27214	27206	999999	27237	27237	27237	27229	27239	27239	27239	27231	27247	27247	27247	27239	27254	27254	999999	999999	27255	27255	999999	999999	27255	27255	999999	999999	27230	27230	27222	999999	27229	27229	27221	999999	999999	0	999999	999999	0
27218	27218	27218	27210	27258	27258	27258	999999	27215	27215	27215	27207	27252	27252	27252	999999	27214	27214	27214	27206	27237	27237	27237	999999	27239	27239	27239	999999	27247	27247	27247	999999	27254	27254	27254	999999	27255	27255	27255	999999	27255	27255	27255	999999	27230	27230	27230	27222	27229	27229	27229	27221	999999	999999	0	999999	0
27218	27218	27218	27218	27258	27258	27258	27258	27215	27215	27215	27215	27252	27252	27252	27252	27214	27214	27214	27214	27237	27237	27237	27237	27239	27239	27239	27239	27247	27247	27247	27247	27254	27254	27254	27254	27255	27255	27255	27255	27255	27255	27255	27255	27230	27230	27230	27230	27229	27229	27229	27229	999999	999999	999999	0	0
27218	27210	999999	999999	27258	27258	27258	27250	27215	27207	999999	999999	27252	27252	27252	27244	27214	27206	999999	999999	27237	27237	27229	999999	27239	27239	27231	999999	27247	27247	27239	999999	27254	27254	27254	27246	27255	27255	27255	27247	27255	27255	27255	27247	27230	27222	999999	999999	27229	27221	999999	999999	0	999999	999999	999999	0
27201	999999	999999	999999	27201	999999	999999	999999	27201	999999	999999	999999	27201	999999	999999	999999	27201	999999	999999	999999	27201	999999	999999	999999	27201	999999	999999	999999	27201	999999	999999	999999	27201	999999	999999	999999	27201	999999	999999	999999	27201	999999	999999	999999	27201	999999	999999	999999	27201	999999	999999	999999	27201	999999	999999	999999	999999
GTSP_SET_SECTION:
1 1 2 3 4 -1
2 5 6 7 8 -1
3 9 10 11 12 -1
4 13 14 15 16 -1
5 17 18 19 20 -1
6 21 22 23 24 -1
7 25 26 27 28 -1
8 29 30 31 32 -1
9 33 34 35 36 -1
10 37 38 39 40 -1
11 41 42 43 44 -1
12 45 46 47 48 -1
13 49 50 51 52 -1
14 53 54 55 56 -1
15 57 -1
EOF