NAME:  test1
TYPE: AGTSP
COMMENT: gtsp tours
DIMENSION:  57
GTSP_SETS: 15
EDGE_WEIGHT_TYPE: EXPLICIT
EDGE_WEIGHT_FORMAT: FULL_MATRIX 
EDGE_WEIGHT_SECTION
999999	0	999999	999999	28369	28369	28361	999999	28353	28353	28345	999999	28364	28364	28356	999999	28407	28407	999999	999999	28356	28356	28348	999999	28368	28368	28360	999999	28377	28377	28377	28369	28370	28370	28370	28362	28398	28398	999999	999999	28381	28381	28381	28373	28390	28390	28390	28382	28398	28398	999999	999999	28399	28399	999999	999999	0
999999	999999	0	999999	28369	28369	28369	28361	28353	28353	28353	28345	28364	28364	28364	28356	28407	28407	28407	999999	28356	28356	28356	28348	28368	28368	28368	28360	28377	28377	28377	999999	28370	28370	28370	999999	28398	28398	28398	999999	28381	28381	28381	999999	28390	28390	28390	999999	28398	28398	28398	999999	28399	28399	28399	999999	0
999999	999999	999999	0	28369	28369	28369	28369	28353	28353	28353	28353	28364	28364	28364	28364	28407	28407	28407	28407	28356	28356	28356	28356	28368	28368	28368	28368	28377	28377	28377	28377	28370	28370	28370	28370	28398	28398	28398	28398	28381	28381	28381	28381	28390	28390	28390	28390	28398	28398	28398	28398	28399	28399	28399	28399	0
0	999999	999999	999999	28369	28361	999999	999999	28353	28345	999999	999999	28364	28356	999999	999999	28407	28407	28407	28399	28356	28348	999999	999999	28368	28360	999999	999999	28377	28377	28369	999999	28370	28370	28362	999999	28398	28398	28398	28390	28381	28381	28373	999999	28390	28390	28382	999999	28398	28398	28398	28390	28399	28399	28399	28391	0
28369	28369	28361	999999	999999	0	999999	999999	28373	28373	28373	28365	28362	28362	28354	999999	28388	28388	28388	28380	28362	28362	28354	999999	28369	28369	28361	999999	28372	28372	28372	28364	28379	28379	28379	28371	28379	28379	28379	28371	28375	28375	28375	28367	28374	28374	28374	28366	28380	28380	28380	28372	28381	28381	28381	28373	0
28369	28369	28369	28361	999999	999999	0	999999	28373	28373	28373	999999	28362	28362	28362	28354	28388	28388	28388	999999	28362	28362	28362	28354	28369	28369	28369	28361	28372	28372	28372	999999	28379	28379	28379	999999	28379	28379	28379	999999	28375	28375	28375	999999	28374	28374	28374	999999	28380	28380	28380	999999	28381	28381	28381	999999	0
28369	28369	28369	28369	999999	999999	999999	0	28373	28373	28373	28373	28362	28362	28362	28362	28388	28388	28388	28388	28362	28362	28362	28362	28369	28369	28369	28369	28372	28372	28372	28372	28379	28379	28379	28379	28379	28379	28379	28379	28375	28375	28375	28375	28374	28374	28374	28374	28380	28380	28380	28380	28381	28381	28381	28381	0
28369	28361	999999	999999	0	999999	999999	999999	28373	28373	28365	999999	28362	28354	999999	999999	28388	28388	28380	999999	28362	28354	999999	999999	28369	28361	999999	999999	28372	28372	28364	999999	28379	28379	28371	999999	28379	28379	28371	999999	28375	28375	28367	999999	28374	28374	28366	999999	28380	28380	28372	999999	28381	28381	28373	999999	0
28353	28353	28345	999999	28373	28373	28373	28365	999999	0	999999	999999	28368	28368	28360	999999	28412	28412	999999	999999	28361	28361	28353	999999	28371	28371	28371	28363	28381	28381	28381	28373	28370	28370	28362	999999	28402	28402	999999	999999	28383	28383	28383	28375	28393	28393	999999	999999	28403	28403	999999	999999	28403	28403	999999	999999	0
28353	28353	28353	28345	28373	28373	28373	999999	999999	999999	0	999999	28368	28368	28368	28360	28412	28412	28412	999999	28361	28361	28361	28353	28371	28371	28371	999999	28381	28381	28381	999999	28370	28370	28370	28362	28402	28402	28402	999999	28383	28383	28383	999999	28393	28393	28393	999999	28403	28403	28403	999999	28403	28403	28403	999999	0
28353	28353	28353	28353	28373	28373	28373	28373	999999	999999	999999	0	28368	28368	28368	28368	28412	28412	28412	28412	28361	28361	28361	28361	28371	28371	28371	28371	28381	28381	28381	28381	28370	28370	28370	28370	28402	28402	28402	28402	28383	28383	28383	28383	28393	28393	28393	28393	28403	28403	28403	28403	28403	28403	28403	28403	0
28353	28345	999999	999999	28373	28373	28365	999999	0	999999	999999	999999	28368	28360	999999	999999	28412	28412	28412	28404	28361	28353	999999	999999	28371	28371	28363	999999	28381	28381	28373	999999	28370	28362	999999	999999	28402	28402	28402	28394	28383	28383	28375	999999	28393	28393	28393	28385	28403	28403	28403	28395	28403	28403	28403	28395	0
28364	28364	28356	999999	28362	28362	28354	999999	28368	28368	28360	999999	999999	0	999999	999999	28395	28395	999999	999999	28357	28357	28349	999999	28356	28356	28348	999999	28363	28363	28355	999999	28383	28383	28383	28375	28390	28390	28390	28382	28386	28386	28386	28378	28388	28388	28388	28380	28385	28385	28385	28377	28394	28394	999999	999999	0
28364	28364	28364	28356	28362	28362	28362	28354	28368	28368	28368	28360	999999	999999	0	999999	28395	28395	28395	999999	28357	28357	28357	28349	28356	28356	28356	28348	28363	28363	28363	28355	28383	28383	28383	999999	28390	28390	28390	999999	28386	28386	28386	999999	28388	28388	28388	999999	28385	28385	28385	999999	28394	28394	28394	999999	0
28364	28364	28364	28364	28362	28362	28362	28362	28368	28368	28368	28368	999999	999999	999999	0	28395	28395	28395	28395	28357	28357	28357	28357	28356	28356	28356	28356	28363	28363	28363	28363	28383	28383	28383	28383	28390	28390	28390	28390	28386	28386	28386	28386	28388	28388	28388	28388	28385	28385	28385	28385	28394	28394	28394	28394	0
28364	28356	999999	999999	28362	28354	999999	999999	28368	28360	999999	999999	0	999999	999999	999999	28395	28395	28395	28387	28357	28349	999999	999999	28356	28348	999999	999999	28363	28355	999999	999999	28383	28383	28375	999999	28390	28390	28382	999999	28386	28386	28378	999999	28388	28388	28380	999999	28385	28385	28377	999999	28394	28394	28394	28386	0
28407	28407	999999	999999	28388	28388	28388	28380	28412	28412	999999	999999	28395	28395	999999	999999	999999	0	999999	999999	28400	28400	999999	999999	28399	28399	999999	999999	28392	28392	999999	999999	28415	28415	999999	999999	28367	28367	28359	999999	28402	28402	999999	999999	28385	28385	28385	28377	28361	28361	28353	999999	28377	28377	28377	28369	0
28407	28407	28407	999999	28388	28388	28388	999999	28412	28412	28412	999999	28395	28395	28395	999999	999999	999999	0	999999	28400	28400	28400	999999	28399	28399	28399	999999	28392	28392	28392	999999	28415	28415	28415	999999	28367	28367	28367	28359	28402	28402	28402	999999	28385	28385	28385	999999	28361	28361	28361	28353	28377	28377	28377	999999	0
28407	28407	28407	28407	28388	28388	28388	28388	28412	28412	28412	28412	28395	28395	28395	28395	999999	999999	999999	0	28400	28400	28400	28400	28399	28399	28399	28399	28392	28392	28392	28392	28415	28415	28415	28415	28367	28367	28367	28367	28402	28402	28402	28402	28385	28385	28385	28385	28361	28361	28361	28361	28377	28377	28377	28377	0
28407	28407	28407	28399	28388	28388	28380	999999	28412	28412	28412	28404	28395	28395	28395	28387	0	999999	999999	999999	28400	28400	28400	28392	28399	28399	28399	28391	28392	28392	28392	28384	28415	999999	999999	999999	28367	28359	999999	999999	28402	28402	28402	28394	28385	28385	28377	999999	28361	28353	999999	999999	28377	28377	28369	999999	0
28356	28356	28348	999999	28362	28362	28354	999999	28361	28361	28353	999999	28357	28357	28349	999999	28400	28400	999999	999999	999999	0	999999	999999	28363	28363	28355	999999	28371	28371	28371	28363	28375	28375	28375	28367	28392	28392	999999	999999	28380	28380	28380	28372	28385	28385	28385	28377	28391	28391	28391	28383	28393	28393	999999	999999	0
28356	28356	28356	28348	28362	28362	28362	28354	28361	28361	28361	28353	28357	28357	28357	28349	28400	28400	28400	999999	999999	999999	0	999999	28363	28363	28363	28355	28371	28371	28371	999999	28375	28375	28375	999999	28392	28392	28392	999999	28380	28380	28380	999999	28385	28385	28385	999999	28391	28391	28391	999999	28393	28393	28393	999999	0
28356	28356	28356	28356	28362	28362	28362	28362	28361	28361	28361	28361	28357	28357	28357	28357	28400	28400	28400	28400	999999	999999	999999	0	28363	28363	28363	28363	28371	28371	28371	28371	28375	28375	28375	28375	28392	28392	28392	28392	28380	28380	28380	28380	28385	28385	28385	28385	28391	28391	28391	28391	28393	28393	28393	28393	0
28356	28348	999999	999999	28362	28354	999999	999999	28361	28353	999999	999999	28357	28349	999999	999999	28400	28400	28400	28392	0	999999	999999	999999	28363	28355	999999	999999	28371	28371	28363	999999	28375	28375	28367	999999	28392	28392	28392	28384	28380	28380	28372	999999	28385	28385	28377	999999	28391	28391	28383	999999	28393	28393	28393	28385	0
28368	28368	28360	999999	28369	28369	28361	999999	28371	28371	28371	28363	28356	28356	28348	999999	28399	28399	999999	999999	28363	28363	28355	999999	999999	0	999999	999999	28359	28359	28351	999999	28389	28389	28389	28381	28396	28396	999999	999999	28393	28393	999999	999999	28395	28395	999999	999999	28388	28388	28388	28380	28401	28401	999999	999999	0
28368	28368	28368	28360	28369	28369	28369	28361	28371	28371	28371	999999	28356	28356	28356	28348	28399	28399	28399	999999	28363	28363	28363	28355	999999	999999	0	999999	28359	28359	28359	28351	28389	28389	28389	999999	28396	28396	28396	999999	28393	28393	28393	999999	28395	28395	28395	999999	28388	28388	28388	999999	28401	28401	28401	999999	0
28368	28368	28368	28368	28369	28369	28369	28369	28371	28371	28371	28371	28356	28356	28356	28356	28399	28399	28399	28399	28363	28363	28363	28363	999999	999999	999999	0	28359	28359	28359	28359	28389	28389	28389	28389	28396	28396	28396	28396	28393	28393	28393	28393	28395	28395	28395	28395	28388	28388	28388	28388	28401	28401	28401	28401	0
28368	28360	999999	999999	28369	28361	999999	999999	28371	28371	28363	999999	28356	28348	999999	999999	28399	28399	28399	28391	28363	28355	999999	999999	0	999999	999999	999999	28359	28351	999999	999999	28389	28389	28381	999999	28396	28396	28396	28388	28393	28393	28393	28385	28395	28395	28395	28387	28388	28388	28380	999999	28401	28401	28401	28393	0
28377	28377	28377	28369	28372	28372	28372	28364	28381	28381	28381	28373	28363	28363	28355	999999	28392	28392	999999	999999	28371	28371	28371	28363	28359	28359	28351	999999	999999	0	999999	999999	28397	28397	999999	999999	28393	28393	999999	999999	28398	28398	999999	999999	28396	28396	999999	999999	28380	28380	28380	28372	28399	28399	999999	999999	0
28377	28377	28377	999999	28372	28372	28372	999999	28381	28381	28381	999999	28363	28363	28363	28355	28392	28392	28392	999999	28371	28371	28371	999999	28359	28359	28359	28351	999999	999999	0	999999	28397	28397	28397	999999	28393	28393	28393	999999	28398	28398	28398	999999	28396	28396	28396	999999	28380	28380	28380	999999	28399	28399	28399	999999	0
28377	28377	28377	28377	28372	28372	28372	28372	28381	28381	28381	28381	28363	28363	28363	28363	28392	28392	28392	28392	28371	28371	28371	28371	28359	28359	28359	28359	999999	999999	999999	0	28397	28397	28397	28397	28393	28393	28393	28393	28398	28398	28398	28398	28396	28396	28396	28396	28380	28380	28380	28380	28399	28399	28399	28399	0
28377	28377	28369	999999	28372	28372	28364	999999	28381	28381	28373	999999	28363	28355	999999	999999	28392	28392	28392	28384	28371	28371	28363	999999	28359	28351	999999	999999	0	999999	999999	999999	28397	28397	28397	28389	28393	28393	28393	28385	28398	28398	28398	28390	28396	28396	28396	28388	28380	28380	28372	999999	28399	28399	28399	28391	0
28370	28370	28370	28362	28379	28379	28379	28371	28370	28370	28362	999999	28383	28383	28383	28375	28415	28415	999999	999999	28375	28375	28375	28367	28389	28389	28389	28381	28397	28397	999999	999999	999999	0	999999	999999	28401	28401	999999	999999	28369	28369	28361	999999	28386	28386	28386	28378	28409	28409	999999	999999	28397	28397	999999	999999	0
28370	28370	28370	999999	28379	28379	28379	999999	28370	28370	28370	28362	28383	28383	28383	999999	28415	28415	28415	999999	28375	28375	28375	999999	28389	28389	28389	999999	28397	28397	28397	999999	999999	999999	0	999999	28401	28401	28401	999999	28369	28369	28369	28361	28386	28386	28386	999999	28409	28409	28409	999999	28397	28397	28397	999999	0
28370	28370	28370	28370	28379	28379	28379	28379	28370	28370	28370	28370	28383	28383	28383	28383	28415	28415	28415	28415	28375	28375	28375	28375	28389	28389	28389	28389	28397	28397	28397	28397	999999	999999	999999	0	28401	28401	28401	28401	28369	28369	28369	28369	28386	28386	28386	28386	28409	28409	28409	28409	28397	28397	28397	28397	0
28370	28370	28362	999999	28379	28379	28371	999999	28370	28362	999999	999999	28383	28383	28375	999999	28415	999999	999999	999999	28375	28375	28367	999999	28389	28389	28381	999999	28397	28397	28397	28389	0	999999	999999	999999	28401	28401	28401	28393	28369	28361	999999	999999	28386	28386	28378	999999	28409	28409	28409	28401	28397	28397	28397	28389	0
28398	28398	999999	999999	28379	28379	28379	28371	28402	28402	999999	999999	28390	28390	28390	28382	28367	28367	28359	999999	28392	28392	999999	999999	28396	28396	999999	999999	28393	28393	999999	999999	28401	28401	999999	999999	999999	0	999999	999999	28385	28385	28385	28377	28367	28367	28359	999999	28371	28371	28371	28363	28359	28359	28351	999999	0
28398	28398	28398	999999	28379	28379	28379	999999	28402	28402	28402	999999	28390	28390	28390	999999	28367	28367	28367	28359	28392	28392	28392	999999	28396	28396	28396	999999	28393	28393	28393	999999	28401	28401	28401	999999	999999	999999	0	999999	28385	28385	28385	999999	28367	28367	28367	28359	28371	28371	28371	999999	28359	28359	28359	28351	0
28398	28398	28398	28398	28379	28379	28379	28379	28402	28402	28402	28402	28390	28390	28390	28390	28367	28367	28367	28367	28392	28392	28392	28392	28396	28396	28396	28396	28393	28393	28393	28393	28401	28401	28401	28401	999999	999999	999999	0	28385	28385	28385	28385	28367	28367	28367	28367	28371	28371	28371	28371	28359	28359	28359	28359	0
28398	28398	28398	28390	28379	28379	28371	999999	28402	28402	28402	28394	28390	28390	28382	999999	28367	28359	999999	999999	28392	28392	28392	28384	28396	28396	28396	28388	28393	28393	28393	28385	28401	28401	28401	28393	0	999999	999999	999999	28385	28385	28377	999999	28367	28359	999999	999999	28371	28371	28363	999999	28359	28351	999999	999999	0
28381	28381	28381	28373	28375	28375	28375	28367	28383	28383	28383	28375	28386	28386	28386	28378	28402	28402	999999	999999	28380	28380	28380	28372	28393	28393	999999	999999	28398	28398	999999	999999	28369	28369	28361	999999	28385	28385	28385	28377	999999	0	999999	999999	28367	28367	28359	999999	28399	28399	999999	999999	28379	28379	28379	28371	0
28381	28381	28381	999999	28375	28375	28375	999999	28383	28383	28383	999999	28386	28386	28386	999999	28402	28402	28402	999999	28380	28380	28380	999999	28393	28393	28393	999999	28398	28398	28398	999999	28369	28369	28369	28361	28385	28385	28385	999999	999999	999999	0	999999	28367	28367	28367	28359	28399	28399	28399	999999	28379	28379	28379	999999	0
28381	28381	28381	28381	28375	28375	28375	28375	28383	28383	28383	28383	28386	28386	28386	28386	28402	28402	28402	28402	28380	28380	28380	28380	28393	28393	28393	28393	28398	28398	28398	28398	28369	28369	28369	28369	28385	28385	28385	28385	999999	999999	999999	0	28367	28367	28367	28367	28399	28399	28399	28399	28379	28379	28379	28379	0
28381	28381	28373	999999	28375	28375	28367	999999	28383	28383	28375	999999	28386	28386	28378	999999	28402	28402	28402	28394	28380	28380	28372	999999	28393	28393	28393	28385	28398	28398	28398	28390	28369	28361	999999	999999	28385	28385	28377	999999	0	999999	999999	999999	28367	28359	999999	999999	28399	28399	28399	28391	28379	28379	28371	999999	0
28390	28390	28390	28382	28374	28374	28374	28366	28393	28393	999999	999999	28388	28388	28388	28380	28385	28385	28385	28377	28385	28385	28385	28377	28395	28395	999999	999999	28396	28396	999999	999999	28386	28386	28386	28378	28367	28367	28359	999999	28367	28367	28359	999999	999999	0	999999	999999	28386	28386	28386	28378	28360	28360	28352	999999	0
28390	28390	28390	999999	28374	28374	28374	999999	28393	28393	28393	999999	28388	28388	28388	999999	28385	28385	28385	999999	28385	28385	28385	999999	28395	28395	28395	999999	28396	28396	28396	999999	28386	28386	28386	999999	28367	28367	28367	28359	28367	28367	28367	28359	999999	999999	0	999999	28386	28386	28386	999999	28360	28360	28360	28352	0
28390	28390	28390	28390	28374	28374	28374	28374	28393	28393	28393	28393	28388	28388	28388	28388	28385	28385	28385	28385	28385	28385	28385	28385	28395	28395	28395	28395	28396	28396	28396	28396	28386	28386	28386	28386	28367	28367	28367	28367	28367	28367	28367	28367	999999	999999	999999	0	28386	28386	28386	28386	28360	28360	28360	28360	0
28390	28390	28382	999999	28374	28374	28366	999999	28393	28393	28393	28385	28388	28388	28380	999999	28385	28385	28377	999999	28385	28385	28377	999999	28395	28395	28395	28387	28396	28396	28396	28388	28386	28386	28378	999999	28367	28359	999999	999999	28367	28359	999999	999999	0	999999	999999	999999	28386	28386	28378	999999	28360	28352	999999	999999	0
28398	28398	999999	999999	28380	28380	28380	28372	28403	28403	999999	999999	28385	28385	28385	28377	28361	28361	28353	999999	28391	28391	28391	28383	28388	28388	28388	28380	28380	28380	28380	28372	28409	28409	999999	999999	28371	28371	28371	28363	28399	28399	999999	999999	28386	28386	28386	28378	999999	0	999999	999999	28381	28381	28381	28373	0
28398	28398	28398	999999	28380	28380	28380	999999	28403	28403	28403	999999	28385	28385	28385	999999	28361	28361	28361	28353	28391	28391	28391	999999	28388	28388	28388	999999	28380	28380	28380	999999	28409	28409	28409	999999	28371	28371	28371	999999	28399	28399	28399	999999	28386	28386	28386	999999	999999	999999	0	999999	28381	28381	28381	999999	0
28398	28398	28398	28398	28380	28380	28380	28380	28403	28403	28403	28403	28385	28385	28385	28385	28361	28361	28361	28361	28391	28391	28391	28391	28388	28388	28388	28388	28380	28380	28380	28380	28409	28409	28409	28409	28371	28371	28371	28371	28399	28399	28399	28399	28386	28386	28386	28386	999999	999999	999999	0	28381	28381	28381	28381	0
28398	28398	28398	28390	28380	28380	28372	999999	28403	28403	28403	28395	28385	28385	28377	999999	28361	28353	999999	999999	28391	28391	28383	999999	28388	28388	28380	999999	28380	28380	28372	999999	28409	28409	28409	28401	28371	28371	28363	999999	28399	28399	28399	28391	28386	28386	28378	999999	0	999999	999999	999999	28381	28381	28373	999999	0
28399	28399	999999	999999	28381	28381	28381	28373	28403	28403	999999	999999	28394	28394	999999	999999	28377	28377	28377	28369	28393	28393	999999	999999	28401	28401	999999	999999	28399	28399	999999	999999	28397	28397	999999	999999	28359	28359	28351	999999	28379	28379	28379	28371	28360	28360	28352	999999	28381	28381	28381	28373	999999	0	999999	999999	0
28399	28399	28399	999999	28381	28381	28381	999999	28403	28403	28403	999999	28394	28394	28394	999999	28377	28377	28377	999999	28393	28393	28393	999999	28401	28401	28401	999999	28399	28399	28399	999999	28397	28397	28397	999999	28359	28359	28359	28351	28379	28379	28379	999999	28360	28360	28360	28352	28381	28381	28381	999999	999999	999999	0	999999	0
28399	28399	28399	28399	28381	28381	28381	28381	28403	28403	28403	28403	28394	28394	28394	28394	28377	28377	28377	28377	28393	28393	28393	28393	28401	28401	28401	28401	28399	28399	28399	28399	28397	28397	28397	28397	28359	28359	28359	28359	28379	28379	28379	28379	28360	28360	28360	28360	28381	28381	28381	28381	999999	999999	999999	0	0
28399	28399	28399	28391	28381	28381	28373	999999	28403	28403	28403	28395	28394	28394	28394	28386	28377	28377	28369	999999	28393	28393	28393	28385	28401	28401	28401	28393	28399	28399	28399	28391	28397	28397	28397	28389	28359	28351	999999	999999	28379	28379	28371	999999	28360	28352	999999	999999	28381	28381	28373	999999	0	999999	999999	999999	0
28341	999999	999999	999999	28341	999999	999999	999999	28341	999999	999999	999999	28341	999999	999999	999999	28341	999999	999999	999999	28341	999999	999999	999999	28341	999999	999999	999999	28341	999999	999999	999999	28341	999999	999999	999999	28341	999999	999999	999999	28341	999999	999999	999999	28341	999999	999999	999999	28341	999999	999999	999999	28341	999999	999999	999999	999999
GTSP_SET_SECTION:
1 1 2 3 4 -1
2 5 6 7 8 -1
3 9 10 11 12 -1
4 13 14 15 16 -1
5 17 18 19 20 -1
6 21 22 23 24 -1
7 25 26 27 28 -1
8 29 30 31 32 -1
9 33 34 35 36 -1
10 37 38 39 40 -1
11 41 42 43 44 -1
12 45 46 47 48 -1
13 49 50 51 52 -1
14 53 54 55 56 -1
15 57 -1
EOF