NAME:  test1
TYPE: AGTSP
COMMENT: gtsp tours
DIMENSION:  41
GTSP_SETS: 11
EDGE_WEIGHT_TYPE: EXPLICIT
EDGE_WEIGHT_FORMAT: FULL_MATRIX 
EDGE_WEIGHT_SECTION
999999	0	999999	999999	15872	15872	999999	999999	15832	15832	15824	999999	15848	15848	15848	15840	15868	15868	999999	999999	15859	15859	15859	15851	15870	15870	999999	999999	15839	15839	15839	15831	15865	15865	999999	999999	15838	15838	15830	999999	0
999999	999999	0	999999	15872	15872	15872	999999	15832	15832	15832	15824	15848	15848	15848	999999	15868	15868	15868	999999	15859	15859	15859	999999	15870	15870	15870	999999	15839	15839	15839	999999	15865	15865	15865	999999	15838	15838	15838	15830	0
999999	999999	999999	0	15872	15872	15872	15872	15832	15832	15832	15832	15848	15848	15848	15848	15868	15868	15868	15868	15859	15859	15859	15859	15870	15870	15870	15870	15839	15839	15839	15839	15865	15865	15865	15865	15838	15838	15838	15838	0
0	999999	999999	999999	15872	15872	15872	15864	15832	15824	999999	999999	15848	15848	15840	999999	15868	15868	15868	15860	15859	15859	15851	999999	15870	15870	15870	15862	15839	15839	15831	999999	15865	15865	15865	15857	15838	15830	999999	999999	0
15872	15872	999999	999999	999999	0	999999	999999	15861	15861	999999	999999	15845	15845	15845	15837	15821	15821	15813	999999	15885	15885	999999	999999	15822	15822	15814	999999	15863	15863	999999	999999	15829	15829	15821	999999	15861	15861	999999	999999	0
15872	15872	15872	999999	999999	999999	0	999999	15861	15861	15861	999999	15845	15845	15845	999999	15821	15821	15821	15813	15885	15885	15885	999999	15822	15822	15822	15814	15863	15863	15863	999999	15829	15829	15829	15821	15861	15861	15861	999999	0
15872	15872	15872	15872	999999	999999	999999	0	15861	15861	15861	15861	15845	15845	15845	15845	15821	15821	15821	15821	15885	15885	15885	15885	15822	15822	15822	15822	15863	15863	15863	15863	15829	15829	15829	15829	15861	15861	15861	15861	0
15872	15872	15872	15864	0	999999	999999	999999	15861	15861	15861	15853	15845	15845	15837	999999	15821	15813	999999	999999	15885	999999	999999	999999	15822	15814	999999	999999	15863	15863	15863	15855	15829	15821	999999	999999	15861	15861	15861	15853	0
15832	15832	15824	999999	15861	15861	999999	999999	999999	0	999999	999999	15834	15834	15826	999999	15858	15858	15858	15850	15852	15852	15852	15844	15860	15860	999999	999999	15827	15827	15819	999999	15857	15857	15857	15849	15824	15824	15816	999999	0
15832	15832	15832	15824	15861	15861	15861	999999	999999	999999	0	999999	15834	15834	15834	15826	15858	15858	15858	999999	15852	15852	15852	999999	15860	15860	15860	999999	15827	15827	15827	15819	15857	15857	15857	999999	15824	15824	15824	15816	0
15832	15832	15832	15832	15861	15861	15861	15861	999999	999999	999999	0	15834	15834	15834	15834	15858	15858	15858	15858	15852	15852	15852	15852	15860	15860	15860	15860	15827	15827	15827	15827	15857	15857	15857	15857	15824	15824	15824	15824	0
15832	15824	999999	999999	15861	15861	15861	15853	0	999999	999999	999999	15834	15826	999999	999999	15858	15858	15850	999999	15852	15852	15844	999999	15860	15860	15860	15852	15827	15819	999999	999999	15857	15857	15849	999999	15824	15816	999999	999999	0
15848	15848	15848	15840	15845	15845	15845	15837	15834	15834	15826	999999	999999	0	999999	999999	15842	15842	15842	15834	15860	15860	999999	999999	15844	15844	15844	15836	15836	15836	15828	999999	15843	15843	15843	15835	15833	15833	15825	999999	0
15848	15848	15848	999999	15845	15845	15845	999999	15834	15834	15834	15826	999999	999999	0	999999	15842	15842	15842	999999	15860	15860	15860	999999	15844	15844	15844	999999	15836	15836	15836	15828	15843	15843	15843	999999	15833	15833	15833	15825	0
15848	15848	15848	15848	15845	15845	15845	15845	15834	15834	15834	15834	999999	999999	999999	0	15842	15842	15842	15842	15860	15860	15860	15860	15844	15844	15844	15844	15836	15836	15836	15836	15843	15843	15843	15843	15833	15833	15833	15833	0
15848	15848	15840	999999	15845	15845	15837	999999	15834	15826	999999	999999	0	999999	999999	999999	15842	15842	15834	999999	15860	15860	15860	15852	15844	15844	15836	999999	15836	15828	999999	999999	15843	15843	15835	999999	15833	15825	999999	999999	0
15868	15868	999999	999999	15821	15821	15813	999999	15858	15858	15858	15850	15842	15842	15842	15834	999999	0	999999	999999	15883	15883	999999	999999	15820	15820	15812	999999	15860	15860	999999	999999	15826	15826	15818	999999	15858	15858	15858	15850	0
15868	15868	15868	999999	15821	15821	15821	15813	15858	15858	15858	999999	15842	15842	15842	999999	999999	999999	0	999999	15883	15883	15883	999999	15820	15820	15820	15812	15860	15860	15860	999999	15826	15826	15826	15818	15858	15858	15858	999999	0
15868	15868	15868	15868	15821	15821	15821	15821	15858	15858	15858	15858	15842	15842	15842	15842	999999	999999	999999	0	15883	15883	15883	15883	15820	15820	15820	15820	15860	15860	15860	15860	15826	15826	15826	15826	15858	15858	15858	15858	0
15868	15868	15868	15860	15821	15813	999999	999999	15858	15858	15850	999999	15842	15842	15834	999999	0	999999	999999	999999	15883	999999	999999	999999	15820	15812	999999	999999	15860	15860	15860	15852	15826	15818	999999	999999	15858	15858	15850	999999	0
15859	15859	15859	15851	15885	15885	999999	999999	15852	15852	15852	15844	15860	15860	999999	999999	15883	15883	999999	999999	999999	0	999999	999999	15886	15886	999999	999999	15844	15844	15844	15836	15886	15886	999999	999999	15847	15847	15847	15839	0
15859	15859	15859	999999	15885	15885	15885	999999	15852	15852	15852	999999	15860	15860	15860	999999	15883	15883	15883	999999	999999	999999	0	999999	15886	15886	15886	999999	15844	15844	15844	999999	15886	15886	15886	999999	15847	15847	15847	999999	0
15859	15859	15859	15859	15885	15885	15885	15885	15852	15852	15852	15852	15860	15860	15860	15860	15883	15883	15883	15883	999999	999999	999999	0	15886	15886	15886	15886	15844	15844	15844	15844	15886	15886	15886	15886	15847	15847	15847	15847	0
15859	15859	15851	999999	15885	999999	999999	999999	15852	15852	15844	999999	15860	15860	15860	15852	15883	999999	999999	999999	0	999999	999999	999999	15886	999999	999999	999999	15844	15844	15836	999999	15886	999999	999999	999999	15847	15847	15839	999999	0
15870	15870	999999	999999	15822	15822	15814	999999	15860	15860	999999	999999	15844	15844	15844	15836	15820	15820	15812	999999	15886	15886	999999	999999	999999	0	999999	999999	15863	15863	999999	999999	15825	15825	15817	999999	15860	15860	999999	999999	0
15870	15870	15870	999999	15822	15822	15822	15814	15860	15860	15860	999999	15844	15844	15844	999999	15820	15820	15820	15812	15886	15886	15886	999999	999999	999999	0	999999	15863	15863	15863	999999	15825	15825	15825	15817	15860	15860	15860	999999	0
15870	15870	15870	15870	15822	15822	15822	15822	15860	15860	15860	15860	15844	15844	15844	15844	15820	15820	15820	15820	15886	15886	15886	15886	999999	999999	999999	0	15863	15863	15863	15863	15825	15825	15825	15825	15860	15860	15860	15860	0
15870	15870	15870	15862	15822	15814	999999	999999	15860	15860	15860	15852	15844	15844	15836	999999	15820	15812	999999	999999	15886	999999	999999	999999	0	999999	999999	999999	15863	15863	15863	15855	15825	15817	999999	999999	15860	15860	15860	15852	0
15839	15839	15839	15831	15863	15863	999999	999999	15827	15827	15819	999999	15836	15836	15828	999999	15860	15860	999999	999999	15844	15844	15844	15836	15863	15863	999999	999999	999999	0	999999	999999	15861	15861	999999	999999	15820	15820	15812	999999	0
15839	15839	15839	999999	15863	15863	15863	999999	15827	15827	15827	15819	15836	15836	15836	15828	15860	15860	15860	999999	15844	15844	15844	999999	15863	15863	15863	999999	999999	999999	0	999999	15861	15861	15861	999999	15820	15820	15820	15812	0
15839	15839	15839	15839	15863	15863	15863	15863	15827	15827	15827	15827	15836	15836	15836	15836	15860	15860	15860	15860	15844	15844	15844	15844	15863	15863	15863	15863	999999	999999	999999	0	15861	15861	15861	15861	15820	15820	15820	15820	0
15839	15839	15831	999999	15863	15863	15863	15855	15827	15819	999999	999999	15836	15828	999999	999999	15860	15860	15860	15852	15844	15844	15836	999999	15863	15863	15863	15855	0	999999	999999	999999	15861	15861	15861	15853	15820	15812	999999	999999	0
15865	15865	999999	999999	15829	15829	15821	999999	15857	15857	15857	15849	15843	15843	15843	15835	15826	15826	15818	999999	15886	15886	999999	999999	15825	15825	15817	999999	15861	15861	999999	999999	999999	0	999999	999999	15858	15858	15858	15850	0
15865	15865	15865	999999	15829	15829	15829	15821	15857	15857	15857	999999	15843	15843	15843	999999	15826	15826	15826	15818	15886	15886	15886	999999	15825	15825	15825	15817	15861	15861	15861	999999	999999	999999	0	999999	15858	15858	15858	999999	0
15865	15865	15865	15865	15829	15829	15829	15829	15857	15857	15857	15857	15843	15843	15843	15843	15826	15826	15826	15826	15886	15886	15886	15886	15825	15825	15825	15825	15861	15861	15861	15861	999999	999999	999999	0	15858	15858	15858	15858	0
15865	15865	15865	15857	15829	15821	999999	999999	15857	15857	15849	999999	15843	15843	15835	999999	15826	15818	999999	999999	15886	999999	999999	999999	15825	15817	999999	999999	15861	15861	15861	15853	0	999999	999999	999999	15858	15858	15850	999999	0
15838	15838	15830	999999	15861	15861	999999	999999	15824	15824	15816	999999	15833	15833	15825	999999	15858	15858	15858	15850	15847	15847	15847	15839	15860	15860	999999	999999	15820	15820	15812	999999	15858	15858	15858	15850	999999	0	999999	999999	0
15838	15838	15838	15830	15861	15861	15861	999999	15824	15824	15824	15816	15833	15833	15833	15825	15858	15858	15858	999999	15847	15847	15847	999999	15860	15860	15860	999999	15820	15820	15820	15812	15858	15858	15858	999999	999999	999999	0	999999	0
15838	15838	15838	15838	15861	15861	15861	15861	15824	15824	15824	15824	15833	15833	15833	15833	15858	15858	15858	15858	15847	15847	15847	15847	15860	15860	15860	15860	15820	15820	15820	15820	15858	15858	15858	15858	999999	999999	999999	0	0
15838	15830	999999	999999	15861	15861	15861	15853	15824	15816	999999	999999	15833	15825	999999	999999	15858	15858	15850	999999	15847	15847	15839	999999	15860	15860	15860	15852	15820	15812	999999	999999	15858	15858	15850	999999	0	999999	999999	999999	0
15809	999999	999999	999999	15809	999999	999999	999999	15809	999999	999999	999999	15809	999999	999999	999999	15809	999999	999999	999999	15809	999999	999999	999999	15809	999999	999999	999999	15809	999999	999999	999999	15809	999999	999999	999999	15809	999999	999999	999999	999999
GTSP_SET_SECTION:
1 1 2 3 4 -1
2 5 6 7 8 -1
3 9 10 11 12 -1
4 13 14 15 16 -1
5 17 18 19 20 -1
6 21 22 23 24 -1
7 25 26 27 28 -1
8 29 30 31 32 -1
9 33 34 35 36 -1
10 37 38 39 40 -1
11 41
EOF