NAME:  test1
TYPE: AGTSP
COMMENT: gtsp tours
DIMENSION:  41
GTSP_SETS: 11
EDGE_WEIGHT_TYPE: EXPLICIT
EDGE_WEIGHT_FORMAT: FULL_MATRIX 
EDGE_WEIGHT_SECTION
999999	0	999999	999999	13441	13441	13441	13433	13451	13451	13451	13443	13447	13447	13447	13439	13431	13431	13423	999999	13438	13438	13430	999999	13451	13451	13451	13443	13433	13433	13425	999999	13439	13439	13431	999999	13452	13452	13452	13444	0
999999	999999	0	999999	13441	13441	13441	999999	13451	13451	13451	999999	13447	13447	13447	999999	13431	13431	13431	13423	13438	13438	13438	13430	13451	13451	13451	999999	13433	13433	13433	13425	13439	13439	13439	13431	13452	13452	13452	999999	0
999999	999999	999999	0	13441	13441	13441	13441	13451	13451	13451	13451	13447	13447	13447	13447	13431	13431	13431	13431	13438	13438	13438	13438	13451	13451	13451	13451	13433	13433	13433	13433	13439	13439	13439	13439	13452	13452	13452	13452	0
0	999999	999999	999999	13441	13441	13433	999999	13451	13451	13443	999999	13447	13447	13439	999999	13431	13423	999999	999999	13438	13430	999999	999999	13451	13451	13443	999999	13433	13425	999999	999999	13439	13431	999999	999999	13452	13452	13444	999999	0
13441	13441	13441	13433	999999	0	999999	999999	13433	13433	13425	999999	13460	13460	13460	13452	13450	13450	13450	13442	13448	13448	13448	13440	13434	13434	13426	999999	13431	13431	13423	999999	13456	13456	13456	13448	13439	13439	13431	999999	0
13441	13441	13441	999999	999999	999999	0	999999	13433	13433	13433	13425	13460	13460	13460	999999	13450	13450	13450	999999	13448	13448	13448	999999	13434	13434	13434	13426	13431	13431	13431	13423	13456	13456	13456	999999	13439	13439	13439	13431	0
13441	13441	13441	13441	999999	999999	999999	0	13433	13433	13433	13433	13460	13460	13460	13460	13450	13450	13450	13450	13448	13448	13448	13448	13434	13434	13434	13434	13431	13431	13431	13431	13456	13456	13456	13456	13439	13439	13439	13439	0
13441	13441	13433	999999	0	999999	999999	999999	13433	13425	999999	999999	13460	13460	13452	999999	13450	13450	13442	999999	13448	13448	13440	999999	13434	13426	999999	999999	13431	13423	999999	999999	13456	13456	13448	999999	13439	13431	999999	999999	0
13451	13451	13451	13443	13433	13433	13425	999999	999999	0	999999	999999	13473	13473	999999	999999	13456	13456	13456	13448	13461	13461	13461	13453	13444	13444	13444	13436	13437	13437	13429	999999	13468	13468	999999	999999	13450	13450	13450	13442	0
13451	13451	13451	999999	13433	13433	13433	13425	999999	999999	0	999999	13473	13473	13473	999999	13456	13456	13456	999999	13461	13461	13461	999999	13444	13444	13444	999999	13437	13437	13437	13429	13468	13468	13468	999999	13450	13450	13450	999999	0
13451	13451	13451	13451	13433	13433	13433	13433	999999	999999	999999	0	13473	13473	13473	13473	13456	13456	13456	13456	13461	13461	13461	13461	13444	13444	13444	13444	13437	13437	13437	13437	13468	13468	13468	13468	13450	13450	13450	13450	0
13451	13451	13443	999999	13433	13425	999999	999999	0	999999	999999	999999	13473	13473	13473	13465	13456	13456	13448	999999	13461	13461	13453	999999	13444	13444	13436	999999	13437	13429	999999	999999	13468	13468	13468	13460	13450	13450	13442	999999	0
13447	13447	13447	13439	13460	13460	13460	13452	13473	13473	999999	999999	999999	0	999999	999999	13453	13453	13453	13445	13432	13432	13424	999999	13460	13460	13460	13452	13458	13458	13458	13450	13431	13431	13423	999999	13456	13456	13456	13448	0
13447	13447	13447	999999	13460	13460	13460	999999	13473	13473	13473	999999	999999	999999	0	999999	13453	13453	13453	999999	13432	13432	13432	13424	13460	13460	13460	999999	13458	13458	13458	999999	13431	13431	13431	13423	13456	13456	13456	999999	0
13447	13447	13447	13447	13460	13460	13460	13460	13473	13473	13473	13473	999999	999999	999999	0	13453	13453	13453	13453	13432	13432	13432	13432	13460	13460	13460	13460	13458	13458	13458	13458	13431	13431	13431	13431	13456	13456	13456	13456	0
13447	13447	13439	999999	13460	13460	13452	999999	13473	13473	13473	13465	0	999999	999999	999999	13453	13453	13445	999999	13432	13424	999999	999999	13460	13460	13452	999999	13458	13458	13450	999999	13431	13423	999999	999999	13456	13456	13448	999999	0
13431	13431	13423	999999	13450	13450	13450	13442	13456	13456	13456	13448	13453	13453	13453	13445	999999	0	999999	999999	13448	13448	13448	13440	13461	13461	13461	13453	13439	13439	13431	999999	13443	13443	13443	13435	13463	13463	999999	999999	0
13431	13431	13431	13423	13450	13450	13450	999999	13456	13456	13456	999999	13453	13453	13453	999999	999999	999999	0	999999	13448	13448	13448	999999	13461	13461	13461	999999	13439	13439	13439	13431	13443	13443	13443	999999	13463	13463	13463	999999	0
13431	13431	13431	13431	13450	13450	13450	13450	13456	13456	13456	13456	13453	13453	13453	13453	999999	999999	999999	0	13448	13448	13448	13448	13461	13461	13461	13461	13439	13439	13439	13439	13443	13443	13443	13443	13463	13463	13463	13463	0
13431	13423	999999	999999	13450	13450	13442	999999	13456	13456	13448	999999	13453	13453	13445	999999	0	999999	999999	999999	13448	13448	13440	999999	13461	13461	13453	999999	13439	13431	999999	999999	13443	13443	13435	999999	13463	13463	13463	13455	0
13438	13438	13430	999999	13448	13448	13448	13440	13461	13461	13461	13453	13432	13432	13424	999999	13448	13448	13448	13440	999999	0	999999	999999	13449	13449	13449	13441	13447	13447	13447	13439	13433	13433	13425	999999	13445	13445	13445	13437	0
13438	13438	13438	13430	13448	13448	13448	999999	13461	13461	13461	999999	13432	13432	13432	13424	13448	13448	13448	999999	999999	999999	0	999999	13449	13449	13449	999999	13447	13447	13447	999999	13433	13433	13433	13425	13445	13445	13445	999999	0
13438	13438	13438	13438	13448	13448	13448	13448	13461	13461	13461	13461	13432	13432	13432	13432	13448	13448	13448	13448	999999	999999	999999	0	13449	13449	13449	13449	13447	13447	13447	13447	13433	13433	13433	13433	13445	13445	13445	13445	0
13438	13430	999999	999999	13448	13448	13440	999999	13461	13461	13453	999999	13432	13424	999999	999999	13448	13448	13440	999999	0	999999	999999	999999	13449	13449	13441	999999	13447	13447	13439	999999	13433	13425	999999	999999	13445	13445	13437	999999	0
13451	13451	13451	13443	13434	13434	13426	999999	13444	13444	13444	13436	13460	13460	13460	13452	13461	13461	13461	13453	13449	13449	13449	13441	999999	0	999999	999999	13445	13445	13445	13437	13461	13461	13461	13453	13427	13427	13419	999999	0
13451	13451	13451	999999	13434	13434	13434	13426	13444	13444	13444	999999	13460	13460	13460	999999	13461	13461	13461	999999	13449	13449	13449	999999	999999	999999	0	999999	13445	13445	13445	999999	13461	13461	13461	999999	13427	13427	13427	13419	0
13451	13451	13451	13451	13434	13434	13434	13434	13444	13444	13444	13444	13460	13460	13460	13460	13461	13461	13461	13461	13449	13449	13449	13449	999999	999999	999999	0	13445	13445	13445	13445	13461	13461	13461	13461	13427	13427	13427	13427	0
13451	13451	13443	999999	13434	13426	999999	999999	13444	13444	13436	999999	13460	13460	13452	999999	13461	13461	13453	999999	13449	13449	13441	999999	0	999999	999999	999999	13445	13445	13437	999999	13461	13461	13453	999999	13427	13419	999999	999999	0
13433	13433	13425	999999	13431	13431	13423	999999	13437	13437	13429	999999	13458	13458	13458	13450	13439	13439	13431	999999	13447	13447	13447	13439	13445	13445	13445	13437	999999	0	999999	999999	13451	13451	13451	13443	13449	13449	13449	13441	0
13433	13433	13433	13425	13431	13431	13431	13423	13437	13437	13437	13429	13458	13458	13458	999999	13439	13439	13439	13431	13447	13447	13447	999999	13445	13445	13445	999999	999999	999999	0	999999	13451	13451	13451	999999	13449	13449	13449	999999	0
13433	13433	13433	13433	13431	13431	13431	13431	13437	13437	13437	13437	13458	13458	13458	13458	13439	13439	13439	13439	13447	13447	13447	13447	13445	13445	13445	13445	999999	999999	999999	0	13451	13451	13451	13451	13449	13449	13449	13449	0
13433	13425	999999	999999	13431	13423	999999	999999	13437	13429	999999	999999	13458	13458	13450	999999	13439	13431	999999	999999	13447	13447	13439	999999	13445	13445	13437	999999	0	999999	999999	999999	13451	13451	13443	999999	13449	13449	13441	999999	0
13439	13439	13431	999999	13456	13456	13456	13448	13468	13468	999999	999999	13431	13431	13423	999999	13443	13443	13443	13435	13433	13433	13425	999999	13461	13461	13461	13453	13451	13451	13451	13443	999999	0	999999	999999	13458	13458	13458	13450	0
13439	13439	13439	13431	13456	13456	13456	999999	13468	13468	13468	999999	13431	13431	13431	13423	13443	13443	13443	999999	13433	13433	13433	13425	13461	13461	13461	999999	13451	13451	13451	999999	999999	999999	0	999999	13458	13458	13458	999999	0
13439	13439	13439	13439	13456	13456	13456	13456	13468	13468	13468	13468	13431	13431	13431	13431	13443	13443	13443	13443	13433	13433	13433	13433	13461	13461	13461	13461	13451	13451	13451	13451	999999	999999	999999	0	13458	13458	13458	13458	0
13439	13431	999999	999999	13456	13456	13448	999999	13468	13468	13468	13460	13431	13423	999999	999999	13443	13443	13435	999999	13433	13425	999999	999999	13461	13461	13453	999999	13451	13451	13443	999999	0	999999	999999	999999	13458	13458	13450	999999	0
13452	13452	13452	13444	13439	13439	13431	999999	13450	13450	13450	13442	13456	13456	13456	13448	13463	13463	999999	999999	13445	13445	13445	13437	13427	13427	13419	999999	13449	13449	13449	13441	13458	13458	13458	13450	999999	0	999999	999999	0
13452	13452	13452	999999	13439	13439	13439	13431	13450	13450	13450	999999	13456	13456	13456	999999	13463	13463	13463	999999	13445	13445	13445	999999	13427	13427	13427	13419	13449	13449	13449	999999	13458	13458	13458	999999	999999	999999	0	999999	0
13452	13452	13452	13452	13439	13439	13439	13439	13450	13450	13450	13450	13456	13456	13456	13456	13463	13463	13463	13463	13445	13445	13445	13445	13427	13427	13427	13427	13449	13449	13449	13449	13458	13458	13458	13458	999999	999999	999999	0	0
13452	13452	13444	999999	13439	13431	999999	999999	13450	13450	13442	999999	13456	13456	13448	999999	13463	13463	13463	13455	13445	13445	13437	999999	13427	13419	999999	999999	13449	13449	13441	999999	13458	13458	13450	999999	0	999999	999999	999999	0
13412	999999	999999	999999	13412	999999	999999	999999	13412	999999	999999	999999	13412	999999	999999	999999	13412	999999	999999	999999	13412	999999	999999	999999	13412	999999	999999	999999	13412	999999	999999	999999	13412	999999	999999	999999	13412	999999	999999	999999	999999
GTSP_SET_SECTION:
1 1 2 3 4 -1
2 5 6 7 8 -1
3 9 10 11 12 -1
4 13 14 15 16 -1
5 17 18 19 20 -1
6 21 22 23 24 -1
7 25 26 27 28 -1
8 29 30 31 32 -1
9 33 34 35 36 -1
10 37 38 39 40 -1
11 41
EOF