NAME:  test1
TYPE: AGTSP
COMMENT: gtsp tours
DIMENSION:  41
GTSP_SETS: 11
EDGE_WEIGHT_TYPE: EXPLICIT
EDGE_WEIGHT_FORMAT: FULL_MATRIX 
EDGE_WEIGHT_SECTION
999999	0	999999	999999	13498	13498	13498	13490	13499	13499	13499	13491	13475	13475	13467	999999	13516	13516	999999	999999	13478	13478	13470	999999	13479	13479	13479	13471	13499	13499	13499	13491	13500	13500	13500	13492	13504	13504	999999	999999	0
999999	999999	0	999999	13498	13498	13498	999999	13499	13499	13499	999999	13475	13475	13475	13467	13516	13516	13516	999999	13478	13478	13478	13470	13479	13479	13479	999999	13499	13499	13499	999999	13500	13500	13500	999999	13504	13504	13504	999999	0
999999	999999	999999	0	13498	13498	13498	13498	13499	13499	13499	13499	13475	13475	13475	13475	13516	13516	13516	13516	13478	13478	13478	13478	13479	13479	13479	13479	13499	13499	13499	13499	13500	13500	13500	13500	13504	13504	13504	13504	0
0	999999	999999	999999	13498	13498	13490	999999	13499	13499	13491	999999	13475	13467	999999	999999	13516	13516	13516	13508	13478	13470	999999	999999	13479	13479	13471	999999	13499	13499	13491	999999	13500	13500	13492	999999	13504	13504	13504	13496	0
13498	13498	13498	13490	999999	0	999999	999999	13476	13476	13468	999999	13481	13481	13481	13473	13477	13477	13469	999999	13485	13485	13485	13477	13479	13479	13479	13471	13461	13461	13453	999999	13495	13495	13495	13487	13502	13502	999999	999999	0
13498	13498	13498	999999	999999	999999	0	999999	13476	13476	13476	13468	13481	13481	13481	999999	13477	13477	13477	13469	13485	13485	13485	999999	13479	13479	13479	999999	13461	13461	13461	13453	13495	13495	13495	999999	13502	13502	13502	999999	0
13498	13498	13498	13498	999999	999999	999999	0	13476	13476	13476	13476	13481	13481	13481	13481	13477	13477	13477	13477	13485	13485	13485	13485	13479	13479	13479	13479	13461	13461	13461	13461	13495	13495	13495	13495	13502	13502	13502	13502	0
13498	13498	13490	999999	0	999999	999999	999999	13476	13468	999999	999999	13481	13481	13473	999999	13477	13469	999999	999999	13485	13485	13477	999999	13479	13479	13471	999999	13461	13453	999999	999999	13495	13495	13487	999999	13502	13502	13502	13494	0
13499	13499	13499	13491	13476	13476	13468	999999	999999	0	999999	999999	13485	13485	13485	13477	13480	13480	13480	13472	13494	13494	13494	13486	13477	13477	13469	999999	13479	13479	13471	999999	13478	13478	13470	999999	13485	13485	13485	13477	0
13499	13499	13499	999999	13476	13476	13476	13468	999999	999999	0	999999	13485	13485	13485	999999	13480	13480	13480	999999	13494	13494	13494	999999	13477	13477	13477	13469	13479	13479	13479	13471	13478	13478	13478	13470	13485	13485	13485	999999	0
13499	13499	13499	13499	13476	13476	13476	13476	999999	999999	999999	0	13485	13485	13485	13485	13480	13480	13480	13480	13494	13494	13494	13494	13477	13477	13477	13477	13479	13479	13479	13479	13478	13478	13478	13478	13485	13485	13485	13485	0
13499	13499	13491	999999	13476	13468	999999	999999	0	999999	999999	999999	13485	13485	13477	999999	13480	13480	13472	999999	13494	13494	13486	999999	13477	13469	999999	999999	13479	13471	999999	999999	13478	13470	999999	999999	13485	13485	13477	999999	0
13475	13475	13467	999999	13481	13481	13481	13473	13485	13485	13485	13477	999999	0	999999	999999	13499	13499	13499	13491	13469	13469	13461	999999	13467	13467	13459	999999	13482	13482	13482	13474	13494	13494	13494	13486	13500	13500	13500	13492	0
13475	13475	13475	13467	13481	13481	13481	999999	13485	13485	13485	999999	999999	999999	0	999999	13499	13499	13499	999999	13469	13469	13469	13461	13467	13467	13467	13459	13482	13482	13482	999999	13494	13494	13494	999999	13500	13500	13500	999999	0
13475	13475	13475	13475	13481	13481	13481	13481	13485	13485	13485	13485	999999	999999	999999	0	13499	13499	13499	13499	13469	13469	13469	13469	13467	13467	13467	13467	13482	13482	13482	13482	13494	13494	13494	13494	13500	13500	13500	13500	0
13475	13467	999999	999999	13481	13481	13473	999999	13485	13485	13477	999999	0	999999	999999	999999	13499	13499	13491	999999	13469	13461	999999	999999	13467	13459	999999	999999	13482	13482	13474	999999	13494	13494	13486	999999	13500	13500	13492	999999	0
13516	13516	999999	999999	13477	13477	13469	999999	13480	13480	13480	13472	13499	13499	13499	13491	999999	0	999999	999999	13504	13504	999999	999999	13495	13495	13495	13487	13478	13478	13470	999999	13498	13498	13498	13490	13505	13505	999999	999999	0
13516	13516	13516	999999	13477	13477	13477	13469	13480	13480	13480	999999	13499	13499	13499	999999	999999	999999	0	999999	13504	13504	13504	999999	13495	13495	13495	999999	13478	13478	13478	13470	13498	13498	13498	999999	13505	13505	13505	999999	0
13516	13516	13516	13516	13477	13477	13477	13477	13480	13480	13480	13480	13499	13499	13499	13499	999999	999999	999999	0	13504	13504	13504	13504	13495	13495	13495	13495	13478	13478	13478	13478	13498	13498	13498	13498	13505	13505	13505	13505	0
13516	13516	13516	13508	13477	13469	999999	999999	13480	13480	13472	999999	13499	13499	13491	999999	0	999999	999999	999999	13504	13504	13504	13496	13495	13495	13487	999999	13478	13470	999999	999999	13498	13498	13490	999999	13505	13505	13505	13497	0
13478	13478	13470	999999	13485	13485	13485	13477	13494	13494	13494	13486	13469	13469	13461	999999	13504	13504	999999	999999	999999	0	999999	999999	13478	13478	13470	999999	13484	13484	13484	13476	13505	13505	999999	999999	13511	13511	999999	999999	0
13478	13478	13478	13470	13485	13485	13485	999999	13494	13494	13494	999999	13469	13469	13469	13461	13504	13504	13504	999999	999999	999999	0	999999	13478	13478	13478	13470	13484	13484	13484	999999	13505	13505	13505	999999	13511	13511	13511	999999	0
13478	13478	13478	13478	13485	13485	13485	13485	13494	13494	13494	13494	13469	13469	13469	13469	13504	13504	13504	13504	999999	999999	999999	0	13478	13478	13478	13478	13484	13484	13484	13484	13505	13505	13505	13505	13511	13511	13511	13511	0
13478	13470	999999	999999	13485	13485	13477	999999	13494	13494	13486	999999	13469	13461	999999	999999	13504	13504	13504	13496	0	999999	999999	999999	13478	13470	999999	999999	13484	13484	13476	999999	13505	13505	13505	13497	13511	13511	13511	13503	0
13479	13479	13479	13471	13479	13479	13479	13471	13477	13477	13469	999999	13467	13467	13459	999999	13495	13495	13495	13487	13478	13478	13470	999999	999999	0	999999	999999	13481	13481	13481	13473	13485	13485	13485	13477	13491	13491	13491	13483	0
13479	13479	13479	999999	13479	13479	13479	999999	13477	13477	13477	13469	13467	13467	13467	13459	13495	13495	13495	999999	13478	13478	13478	13470	999999	999999	0	999999	13481	13481	13481	999999	13485	13485	13485	999999	13491	13491	13491	999999	0
13479	13479	13479	13479	13479	13479	13479	13479	13477	13477	13477	13477	13467	13467	13467	13467	13495	13495	13495	13495	13478	13478	13478	13478	999999	999999	999999	0	13481	13481	13481	13481	13485	13485	13485	13485	13491	13491	13491	13491	0
13479	13479	13471	999999	13479	13479	13471	999999	13477	13469	999999	999999	13467	13459	999999	999999	13495	13495	13487	999999	13478	13470	999999	999999	0	999999	999999	999999	13481	13481	13473	999999	13485	13485	13477	999999	13491	13491	13483	999999	0
13499	13499	13499	13491	13461	13461	13453	999999	13479	13479	13471	999999	13482	13482	13482	13474	13478	13478	13470	999999	13484	13484	13484	13476	13481	13481	13481	13473	999999	0	999999	999999	13497	13497	13497	13489	13505	13505	999999	999999	0
13499	13499	13499	999999	13461	13461	13461	13453	13479	13479	13479	13471	13482	13482	13482	999999	13478	13478	13478	13470	13484	13484	13484	999999	13481	13481	13481	999999	999999	999999	0	999999	13497	13497	13497	999999	13505	13505	13505	999999	0
13499	13499	13499	13499	13461	13461	13461	13461	13479	13479	13479	13479	13482	13482	13482	13482	13478	13478	13478	13478	13484	13484	13484	13484	13481	13481	13481	13481	999999	999999	999999	0	13497	13497	13497	13497	13505	13505	13505	13505	0
13499	13499	13491	999999	13461	13453	999999	999999	13479	13471	999999	999999	13482	13482	13474	999999	13478	13470	999999	999999	13484	13484	13476	999999	13481	13481	13473	999999	0	999999	999999	999999	13497	13497	13489	999999	13505	13505	13505	13497	0
13500	13500	13500	13492	13495	13495	13495	13487	13478	13478	13470	999999	13494	13494	13494	13486	13498	13498	13498	13490	13505	13505	999999	999999	13485	13485	13485	13477	13497	13497	13497	13489	999999	0	999999	999999	13465	13465	13457	999999	0
13500	13500	13500	999999	13495	13495	13495	999999	13478	13478	13478	13470	13494	13494	13494	999999	13498	13498	13498	999999	13505	13505	13505	999999	13485	13485	13485	999999	13497	13497	13497	999999	999999	999999	0	999999	13465	13465	13465	13457	0
13500	13500	13500	13500	13495	13495	13495	13495	13478	13478	13478	13478	13494	13494	13494	13494	13498	13498	13498	13498	13505	13505	13505	13505	13485	13485	13485	13485	13497	13497	13497	13497	999999	999999	999999	0	13465	13465	13465	13465	0
13500	13500	13492	999999	13495	13495	13487	999999	13478	13470	999999	999999	13494	13494	13486	999999	13498	13498	13490	999999	13505	13505	13505	13497	13485	13485	13477	999999	13497	13497	13489	999999	0	999999	999999	999999	13465	13457	999999	999999	0
13504	13504	999999	999999	13502	13502	999999	999999	13485	13485	13485	13477	13500	13500	13500	13492	13505	13505	999999	999999	13511	13511	999999	999999	13491	13491	13491	13483	13505	13505	999999	999999	13465	13465	13457	999999	999999	0	999999	999999	0
13504	13504	13504	999999	13502	13502	13502	999999	13485	13485	13485	999999	13500	13500	13500	999999	13505	13505	13505	999999	13511	13511	13511	999999	13491	13491	13491	999999	13505	13505	13505	999999	13465	13465	13465	13457	999999	999999	0	999999	0
13504	13504	13504	13504	13502	13502	13502	13502	13485	13485	13485	13485	13500	13500	13500	13500	13505	13505	13505	13505	13511	13511	13511	13511	13491	13491	13491	13491	13505	13505	13505	13505	13465	13465	13465	13465	999999	999999	999999	0	0
13504	13504	13504	13496	13502	13502	13502	13494	13485	13485	13477	999999	13500	13500	13492	999999	13505	13505	13505	13497	13511	13511	13511	13503	13491	13491	13483	999999	13505	13505	13505	13497	13465	13457	999999	999999	0	999999	999999	999999	0
13450	999999	999999	999999	13450	999999	999999	999999	13450	999999	999999	999999	13450	999999	999999	999999	13450	999999	999999	999999	13450	999999	999999	999999	13450	999999	999999	999999	13450	999999	999999	999999	13450	999999	999999	999999	13450	999999	999999	999999	999999
GTSP_SET_SECTION:
1 1 2 3 4 -1
2 5 6 7 8 -1
3 9 10 11 12 -1
4 13 14 15 16 -1
5 17 18 19 20 -1
6 21 22 23 24 -1
7 25 26 27 28 -1
8 29 30 31 32 -1
9 33 34 35 36 -1
10 37 38 39 40 -1
11 41
EOF