NAME:  test1
TYPE: AGTSP
COMMENT: gtsp tours
DIMENSION:  41
GTSP_SETS: 11
EDGE_WEIGHT_TYPE: EXPLICIT
EDGE_WEIGHT_FORMAT: FULL_MATRIX 
EDGE_WEIGHT_SECTION
999999	0	999999	999999	16641	16641	16641	16633	16650	16650	999999	999999	16630	16630	16630	16622	16644	16644	16644	16636	16621	16621	16613	999999	16636	16636	16636	16628	16642	16642	16642	16634	16643	16643	16643	16635	16622	16622	16614	999999	0
999999	999999	0	999999	16641	16641	16641	999999	16650	16650	16650	999999	16630	16630	16630	999999	16644	16644	16644	999999	16621	16621	16621	16613	16636	16636	16636	999999	16642	16642	16642	999999	16643	16643	16643	999999	16622	16622	16622	16614	0
999999	999999	999999	0	16641	16641	16641	16641	16650	16650	16650	16650	16630	16630	16630	16630	16644	16644	16644	16644	16621	16621	16621	16621	16636	16636	16636	16636	16642	16642	16642	16642	16643	16643	16643	16643	16622	16622	16622	16622	0
0	999999	999999	999999	16641	16641	16633	999999	16650	16650	16650	16642	16630	16630	16622	999999	16644	16644	16636	999999	16621	16613	999999	999999	16636	16636	16628	999999	16642	16642	16634	999999	16643	16643	16635	999999	16622	16614	999999	999999	0
16641	16641	16641	16633	999999	0	999999	999999	16624	16624	16616	999999	16631	16631	16631	16623	16654	16654	999999	999999	16655	16655	999999	999999	16612	16612	16604	999999	16639	16639	16639	16631	16617	16617	16609	999999	16655	16655	999999	999999	0
16641	16641	16641	999999	999999	999999	0	999999	16624	16624	16624	16616	16631	16631	16631	999999	16654	16654	16654	999999	16655	16655	16655	999999	16612	16612	16612	16604	16639	16639	16639	999999	16617	16617	16617	16609	16655	16655	16655	999999	0
16641	16641	16641	16641	999999	999999	999999	0	16624	16624	16624	16624	16631	16631	16631	16631	16654	16654	16654	16654	16655	16655	16655	16655	16612	16612	16612	16612	16639	16639	16639	16639	16617	16617	16617	16617	16655	16655	16655	16655	0
16641	16641	16633	999999	0	999999	999999	999999	16624	16616	999999	999999	16631	16631	16623	999999	16654	16654	16654	16646	16655	16655	16655	16647	16612	16604	999999	999999	16639	16639	16631	999999	16617	16609	999999	999999	16655	16655	16655	16647	0
16650	16650	999999	999999	16624	16624	16616	999999	999999	0	999999	999999	16647	16647	16647	16639	16647	16647	16647	16639	16663	16663	999999	999999	16624	16624	16616	999999	16630	16630	16630	16622	16615	16615	16607	999999	16664	16664	999999	999999	0
16650	16650	16650	999999	16624	16624	16624	16616	999999	999999	0	999999	16647	16647	16647	999999	16647	16647	16647	999999	16663	16663	16663	999999	16624	16624	16624	16616	16630	16630	16630	999999	16615	16615	16615	16607	16664	16664	16664	999999	0
16650	16650	16650	16650	16624	16624	16624	16624	999999	999999	999999	0	16647	16647	16647	16647	16647	16647	16647	16647	16663	16663	16663	16663	16624	16624	16624	16624	16630	16630	16630	16630	16615	16615	16615	16615	16664	16664	16664	16664	0
16650	16650	16650	16642	16624	16616	999999	999999	0	999999	999999	999999	16647	16647	16639	999999	16647	16647	16639	999999	16663	16663	16663	16655	16624	16616	999999	999999	16630	16630	16622	999999	16615	16607	999999	999999	16664	16664	16664	16656	0
16630	16630	16630	16622	16631	16631	16631	16623	16647	16647	16647	16639	999999	0	999999	999999	16662	16662	999999	999999	16640	16640	16640	16632	16631	16631	16631	16623	16652	16652	999999	999999	16640	16640	16640	16632	16641	16641	16641	16633	0
16630	16630	16630	999999	16631	16631	16631	999999	16647	16647	16647	999999	999999	999999	0	999999	16662	16662	16662	999999	16640	16640	16640	999999	16631	16631	16631	999999	16652	16652	16652	999999	16640	16640	16640	999999	16641	16641	16641	999999	0
16630	16630	16630	16630	16631	16631	16631	16631	16647	16647	16647	16647	999999	999999	999999	0	16662	16662	16662	16662	16640	16640	16640	16640	16631	16631	16631	16631	16652	16652	16652	16652	16640	16640	16640	16640	16641	16641	16641	16641	0
16630	16630	16622	999999	16631	16631	16623	999999	16647	16647	16639	999999	0	999999	999999	999999	16662	16662	16662	16654	16640	16640	16632	999999	16631	16631	16623	999999	16652	16652	16652	16644	16640	16640	16632	999999	16641	16641	16633	999999	0
16644	16644	16644	16636	16654	16654	999999	999999	16647	16647	16647	16639	16662	16662	999999	999999	999999	0	999999	999999	16650	16650	999999	999999	16649	16649	16649	16641	16624	16624	16616	999999	16647	16647	16647	16639	16650	16650	999999	999999	0
16644	16644	16644	999999	16654	16654	16654	999999	16647	16647	16647	999999	16662	16662	16662	999999	999999	999999	0	999999	16650	16650	16650	999999	16649	16649	16649	999999	16624	16624	16624	16616	16647	16647	16647	999999	16650	16650	16650	999999	0
16644	16644	16644	16644	16654	16654	16654	16654	16647	16647	16647	16647	16662	16662	16662	16662	999999	999999	999999	0	16650	16650	16650	16650	16649	16649	16649	16649	16624	16624	16624	16624	16647	16647	16647	16647	16650	16650	16650	16650	0
16644	16644	16636	999999	16654	16654	16654	16646	16647	16647	16639	999999	16662	16662	16662	16654	0	999999	999999	999999	16650	16650	16650	16642	16649	16649	16641	999999	16624	16616	999999	999999	16647	16647	16639	999999	16650	16650	16650	16642	0
16621	16621	16613	999999	16655	16655	999999	999999	16663	16663	999999	999999	16640	16640	16640	16632	16650	16650	999999	999999	999999	0	999999	999999	16650	16650	999999	999999	16652	16652	999999	999999	16657	16657	999999	999999	16608	16608	16600	999999	0
16621	16621	16621	16613	16655	16655	16655	999999	16663	16663	16663	999999	16640	16640	16640	999999	16650	16650	16650	999999	999999	999999	0	999999	16650	16650	16650	999999	16652	16652	16652	999999	16657	16657	16657	999999	16608	16608	16608	16600	0
16621	16621	16621	16621	16655	16655	16655	16655	16663	16663	16663	16663	16640	16640	16640	16640	16650	16650	16650	16650	999999	999999	999999	0	16650	16650	16650	16650	16652	16652	16652	16652	16657	16657	16657	16657	16608	16608	16608	16608	0
16621	16613	999999	999999	16655	16655	16655	16647	16663	16663	16663	16655	16640	16640	16632	999999	16650	16650	16650	16642	0	999999	999999	999999	16650	16650	16650	16642	16652	16652	16652	16644	16657	16657	16657	16649	16608	16600	999999	999999	0
16636	16636	16636	16628	16612	16612	16604	999999	16624	16624	16616	999999	16631	16631	16631	16623	16649	16649	16649	16641	16650	16650	999999	999999	999999	0	999999	999999	16635	16635	16635	16627	16616	16616	16608	999999	16651	16651	999999	999999	0
16636	16636	16636	999999	16612	16612	16612	16604	16624	16624	16624	16616	16631	16631	16631	999999	16649	16649	16649	999999	16650	16650	16650	999999	999999	999999	0	999999	16635	16635	16635	999999	16616	16616	16616	16608	16651	16651	16651	999999	0
16636	16636	16636	16636	16612	16612	16612	16612	16624	16624	16624	16624	16631	16631	16631	16631	16649	16649	16649	16649	16650	16650	16650	16650	999999	999999	999999	0	16635	16635	16635	16635	16616	16616	16616	16616	16651	16651	16651	16651	0
16636	16636	16628	999999	16612	16604	999999	999999	16624	16616	999999	999999	16631	16631	16623	999999	16649	16649	16641	999999	16650	16650	16650	16642	0	999999	999999	999999	16635	16635	16627	999999	16616	16608	999999	999999	16651	16651	16651	16643	0
16642	16642	16642	16634	16639	16639	16639	16631	16630	16630	16630	16622	16652	16652	999999	999999	16624	16624	16616	999999	16652	16652	999999	999999	16635	16635	16635	16627	999999	0	999999	999999	16631	16631	16631	16623	16652	16652	999999	999999	0
16642	16642	16642	999999	16639	16639	16639	999999	16630	16630	16630	999999	16652	16652	16652	999999	16624	16624	16624	16616	16652	16652	16652	999999	16635	16635	16635	999999	999999	999999	0	999999	16631	16631	16631	999999	16652	16652	16652	999999	0
16642	16642	16642	16642	16639	16639	16639	16639	16630	16630	16630	16630	16652	16652	16652	16652	16624	16624	16624	16624	16652	16652	16652	16652	16635	16635	16635	16635	999999	999999	999999	0	16631	16631	16631	16631	16652	16652	16652	16652	0
16642	16642	16634	999999	16639	16639	16631	999999	16630	16630	16622	999999	16652	16652	16652	16644	16624	16616	999999	999999	16652	16652	16652	16644	16635	16635	16627	999999	0	999999	999999	999999	16631	16631	16623	999999	16652	16652	16652	16644	0
16643	16643	16643	16635	16617	16617	16609	999999	16615	16615	16607	999999	16640	16640	16640	16632	16647	16647	16647	16639	16657	16657	999999	999999	16616	16616	16608	999999	16631	16631	16631	16623	999999	0	999999	999999	16658	16658	999999	999999	0
16643	16643	16643	999999	16617	16617	16617	16609	16615	16615	16615	16607	16640	16640	16640	999999	16647	16647	16647	999999	16657	16657	16657	999999	16616	16616	16616	16608	16631	16631	16631	999999	999999	999999	0	999999	16658	16658	16658	999999	0
16643	16643	16643	16643	16617	16617	16617	16617	16615	16615	16615	16615	16640	16640	16640	16640	16647	16647	16647	16647	16657	16657	16657	16657	16616	16616	16616	16616	16631	16631	16631	16631	999999	999999	999999	0	16658	16658	16658	16658	0
16643	16643	16635	999999	16617	16609	999999	999999	16615	16607	999999	999999	16640	16640	16632	999999	16647	16647	16639	999999	16657	16657	16657	16649	16616	16608	999999	999999	16631	16631	16623	999999	0	999999	999999	999999	16658	16658	16658	16650	0
16622	16622	16614	999999	16655	16655	999999	999999	16664	16664	999999	999999	16641	16641	16641	16633	16650	16650	999999	999999	16608	16608	16600	999999	16651	16651	999999	999999	16652	16652	999999	999999	16658	16658	999999	999999	999999	0	999999	999999	0
16622	16622	16622	16614	16655	16655	16655	999999	16664	16664	16664	999999	16641	16641	16641	999999	16650	16650	16650	999999	16608	16608	16608	16600	16651	16651	16651	999999	16652	16652	16652	999999	16658	16658	16658	999999	999999	999999	0	999999	0
16622	16622	16622	16622	16655	16655	16655	16655	16664	16664	16664	16664	16641	16641	16641	16641	16650	16650	16650	16650	16608	16608	16608	16608	16651	16651	16651	16651	16652	16652	16652	16652	16658	16658	16658	16658	999999	999999	999999	0	0
16622	16614	999999	999999	16655	16655	16655	16647	16664	16664	16664	16656	16641	16641	16633	999999	16650	16650	16650	16642	16608	16600	999999	999999	16651	16651	16651	16643	16652	16652	16652	16644	16658	16658	16658	16650	0	999999	999999	999999	0
16599	999999	999999	999999	16599	999999	999999	999999	16599	999999	999999	999999	16599	999999	999999	999999	16599	999999	999999	999999	16599	999999	999999	999999	16599	999999	999999	999999	16599	999999	999999	999999	16599	999999	999999	999999	16599	999999	999999	999999	999999
GTSP_SET_SECTION:
1 1 2 3 4 -1
2 5 6 7 8 -1
3 9 10 11 12 -1
4 13 14 15 16 -1
5 17 18 19 20 -1
6 21 22 23 24 -1
7 25 26 27 28 -1
8 29 30 31 32 -1
9 33 34 35 36 -1
10 37 38 39 40 -1
11 41
EOF