NAME:  test1
TYPE: AGTSP
COMMENT: gtsp tours
DIMENSION:  41
GTSP_SETS: 11
EDGE_WEIGHT_TYPE: EXPLICIT
EDGE_WEIGHT_FORMAT: FULL_MATRIX 
EDGE_WEIGHT_SECTION
999999	0	999999	999999	13867	13867	999999	999999	13844	13844	13844	13836	13844	13844	13844	13836	13859	13859	999999	999999	13857	13857	999999	999999	13830	13830	13822	999999	13815	13815	13807	999999	13867	13867	999999	999999	13833	13833	13833	13825	0
999999	999999	0	999999	13867	13867	13867	999999	13844	13844	13844	999999	13844	13844	13844	999999	13859	13859	13859	999999	13857	13857	13857	999999	13830	13830	13830	13822	13815	13815	13815	13807	13867	13867	13867	999999	13833	13833	13833	999999	0
999999	999999	999999	0	13867	13867	13867	13867	13844	13844	13844	13844	13844	13844	13844	13844	13859	13859	13859	13859	13857	13857	13857	13857	13830	13830	13830	13830	13815	13815	13815	13815	13867	13867	13867	13867	13833	13833	13833	13833	0
0	999999	999999	999999	13867	13867	13867	13859	13844	13844	13836	999999	13844	13844	13836	999999	13859	13859	13859	13851	13857	13857	13857	13849	13830	13822	999999	999999	13815	13807	999999	999999	13867	13867	13867	13859	13833	13833	13825	999999	0
13867	13867	999999	999999	999999	0	999999	999999	13839	13839	13839	13831	13836	13836	13836	13828	13823	13823	13815	999999	13820	13820	13812	999999	13847	13847	13847	13839	13861	13861	999999	999999	13819	13819	13811	999999	13845	13845	13845	13837	0
13867	13867	13867	999999	999999	999999	0	999999	13839	13839	13839	999999	13836	13836	13836	999999	13823	13823	13823	13815	13820	13820	13820	13812	13847	13847	13847	999999	13861	13861	13861	999999	13819	13819	13819	13811	13845	13845	13845	999999	0
13867	13867	13867	13867	999999	999999	999999	0	13839	13839	13839	13839	13836	13836	13836	13836	13823	13823	13823	13823	13820	13820	13820	13820	13847	13847	13847	13847	13861	13861	13861	13861	13819	13819	13819	13819	13845	13845	13845	13845	0
13867	13867	13867	13859	0	999999	999999	999999	13839	13839	13831	999999	13836	13836	13828	999999	13823	13815	999999	999999	13820	13812	999999	999999	13847	13847	13839	999999	13861	13861	13861	13853	13819	13811	999999	999999	13845	13845	13837	999999	0
13844	13844	13844	13836	13839	13839	13839	13831	999999	0	999999	999999	13835	13835	13835	13827	13826	13826	13818	999999	13830	13830	13822	999999	13826	13826	13818	999999	13839	13839	13839	13831	13835	13835	13835	13827	13821	13821	13813	999999	0
13844	13844	13844	999999	13839	13839	13839	999999	999999	999999	0	999999	13835	13835	13835	999999	13826	13826	13826	13818	13830	13830	13830	13822	13826	13826	13826	13818	13839	13839	13839	999999	13835	13835	13835	999999	13821	13821	13821	13813	0
13844	13844	13844	13844	13839	13839	13839	13839	999999	999999	999999	0	13835	13835	13835	13835	13826	13826	13826	13826	13830	13830	13830	13830	13826	13826	13826	13826	13839	13839	13839	13839	13835	13835	13835	13835	13821	13821	13821	13821	0
13844	13844	13836	999999	13839	13839	13831	999999	0	999999	999999	999999	13835	13835	13827	999999	13826	13818	999999	999999	13830	13822	999999	999999	13826	13818	999999	999999	13839	13839	13831	999999	13835	13835	13827	999999	13821	13813	999999	999999	0
13844	13844	13844	13836	13836	13836	13836	13828	13835	13835	13835	13827	999999	0	999999	999999	13835	13835	13835	13827	13827	13827	13819	999999	13827	13827	13819	999999	13838	13838	13838	13830	13840	13840	13840	13832	13829	13829	13821	999999	0
13844	13844	13844	999999	13836	13836	13836	999999	13835	13835	13835	999999	999999	999999	0	999999	13835	13835	13835	999999	13827	13827	13827	13819	13827	13827	13827	13819	13838	13838	13838	999999	13840	13840	13840	999999	13829	13829	13829	13821	0
13844	13844	13844	13844	13836	13836	13836	13836	13835	13835	13835	13835	999999	999999	999999	0	13835	13835	13835	13835	13827	13827	13827	13827	13827	13827	13827	13827	13838	13838	13838	13838	13840	13840	13840	13840	13829	13829	13829	13829	0
13844	13844	13836	999999	13836	13836	13828	999999	13835	13835	13827	999999	0	999999	999999	999999	13835	13835	13827	999999	13827	13819	999999	999999	13827	13819	999999	999999	13838	13838	13830	999999	13840	13840	13832	999999	13829	13821	999999	999999	0
13859	13859	999999	999999	13823	13823	13815	999999	13826	13826	13818	999999	13835	13835	13835	13827	999999	0	999999	999999	13819	13819	13811	999999	13838	13838	13838	13830	13853	13853	999999	999999	13818	13818	13810	999999	13835	13835	13835	13827	0
13859	13859	13859	999999	13823	13823	13823	13815	13826	13826	13826	13818	13835	13835	13835	999999	999999	999999	0	999999	13819	13819	13819	13811	13838	13838	13838	999999	13853	13853	13853	999999	13818	13818	13818	13810	13835	13835	13835	999999	0
13859	13859	13859	13859	13823	13823	13823	13823	13826	13826	13826	13826	13835	13835	13835	13835	999999	999999	999999	0	13819	13819	13819	13819	13838	13838	13838	13838	13853	13853	13853	13853	13818	13818	13818	13818	13835	13835	13835	13835	0
13859	13859	13859	13851	13823	13815	999999	999999	13826	13818	999999	999999	13835	13835	13827	999999	0	999999	999999	999999	13819	13811	999999	999999	13838	13838	13830	999999	13853	13853	13853	13845	13818	13810	999999	999999	13835	13835	13827	999999	0
13857	13857	999999	999999	13820	13820	13812	999999	13830	13830	13822	999999	13827	13827	13819	999999	13819	13819	13811	999999	999999	0	999999	999999	13837	13837	13837	13829	13851	13851	13851	13843	13822	13822	13814	999999	13834	13834	13834	13826	0
13857	13857	13857	999999	13820	13820	13820	13812	13830	13830	13830	13822	13827	13827	13827	13819	13819	13819	13819	13811	999999	999999	0	999999	13837	13837	13837	999999	13851	13851	13851	999999	13822	13822	13822	13814	13834	13834	13834	999999	0
13857	13857	13857	13857	13820	13820	13820	13820	13830	13830	13830	13830	13827	13827	13827	13827	13819	13819	13819	13819	999999	999999	999999	0	13837	13837	13837	13837	13851	13851	13851	13851	13822	13822	13822	13822	13834	13834	13834	13834	0
13857	13857	13857	13849	13820	13812	999999	999999	13830	13822	999999	999999	13827	13819	999999	999999	13819	13811	999999	999999	0	999999	999999	999999	13837	13837	13829	999999	13851	13851	13843	999999	13822	13814	999999	999999	13834	13834	13826	999999	0
13830	13830	13822	999999	13847	13847	13847	13839	13826	13826	13818	999999	13827	13827	13819	999999	13838	13838	13838	13830	13837	13837	13837	13829	999999	0	999999	999999	13824	13824	13816	999999	13847	13847	13847	13839	13814	13814	13806	999999	0
13830	13830	13830	13822	13847	13847	13847	999999	13826	13826	13826	13818	13827	13827	13827	13819	13838	13838	13838	999999	13837	13837	13837	999999	999999	999999	0	999999	13824	13824	13824	13816	13847	13847	13847	999999	13814	13814	13814	13806	0
13830	13830	13830	13830	13847	13847	13847	13847	13826	13826	13826	13826	13827	13827	13827	13827	13838	13838	13838	13838	13837	13837	13837	13837	999999	999999	999999	0	13824	13824	13824	13824	13847	13847	13847	13847	13814	13814	13814	13814	0
13830	13822	999999	999999	13847	13847	13839	999999	13826	13818	999999	999999	13827	13819	999999	999999	13838	13838	13830	999999	13837	13837	13829	999999	0	999999	999999	999999	13824	13816	999999	999999	13847	13847	13839	999999	13814	13806	999999	999999	0
13815	13815	13807	999999	13861	13861	999999	999999	13839	13839	13839	13831	13838	13838	13838	13830	13853	13853	999999	999999	13851	13851	13851	13843	13824	13824	13816	999999	999999	0	999999	999999	13861	13861	999999	999999	13827	13827	13819	999999	0
13815	13815	13815	13807	13861	13861	13861	999999	13839	13839	13839	999999	13838	13838	13838	999999	13853	13853	13853	999999	13851	13851	13851	999999	13824	13824	13824	13816	999999	999999	0	999999	13861	13861	13861	999999	13827	13827	13827	13819	0
13815	13815	13815	13815	13861	13861	13861	13861	13839	13839	13839	13839	13838	13838	13838	13838	13853	13853	13853	13853	13851	13851	13851	13851	13824	13824	13824	13824	999999	999999	999999	0	13861	13861	13861	13861	13827	13827	13827	13827	0
13815	13807	999999	999999	13861	13861	13861	13853	13839	13839	13831	999999	13838	13838	13830	999999	13853	13853	13853	13845	13851	13851	13843	999999	13824	13816	999999	999999	0	999999	999999	999999	13861	13861	13861	13853	13827	13819	999999	999999	0
13867	13867	999999	999999	13819	13819	13811	999999	13835	13835	13835	13827	13840	13840	13840	13832	13818	13818	13810	999999	13822	13822	13814	999999	13847	13847	13847	13839	13861	13861	999999	999999	999999	0	999999	999999	13843	13843	13843	13835	0
13867	13867	13867	999999	13819	13819	13819	13811	13835	13835	13835	999999	13840	13840	13840	999999	13818	13818	13818	13810	13822	13822	13822	13814	13847	13847	13847	999999	13861	13861	13861	999999	999999	999999	0	999999	13843	13843	13843	999999	0
13867	13867	13867	13867	13819	13819	13819	13819	13835	13835	13835	13835	13840	13840	13840	13840	13818	13818	13818	13818	13822	13822	13822	13822	13847	13847	13847	13847	13861	13861	13861	13861	999999	999999	999999	0	13843	13843	13843	13843	0
13867	13867	13867	13859	13819	13811	999999	999999	13835	13835	13827	999999	13840	13840	13832	999999	13818	13810	999999	999999	13822	13814	999999	999999	13847	13847	13839	999999	13861	13861	13861	13853	0	999999	999999	999999	13843	13843	13835	999999	0
13833	13833	13833	13825	13845	13845	13845	13837	13821	13821	13813	999999	13829	13829	13821	999999	13835	13835	13835	13827	13834	13834	13834	13826	13814	13814	13806	999999	13827	13827	13819	999999	13843	13843	13843	13835	999999	0	999999	999999	0
13833	13833	13833	999999	13845	13845	13845	999999	13821	13821	13821	13813	13829	13829	13829	13821	13835	13835	13835	999999	13834	13834	13834	999999	13814	13814	13814	13806	13827	13827	13827	13819	13843	13843	13843	999999	999999	999999	0	999999	0
13833	13833	13833	13833	13845	13845	13845	13845	13821	13821	13821	13821	13829	13829	13829	13829	13835	13835	13835	13835	13834	13834	13834	13834	13814	13814	13814	13814	13827	13827	13827	13827	13843	13843	13843	13843	999999	999999	999999	0	0
13833	13833	13825	999999	13845	13845	13837	999999	13821	13813	999999	999999	13829	13821	999999	999999	13835	13835	13827	999999	13834	13834	13826	999999	13814	13806	999999	999999	13827	13819	999999	999999	13843	13843	13835	999999	0	999999	999999	999999	0
13801	999999	999999	999999	13801	999999	999999	999999	13801	999999	999999	999999	13801	999999	999999	999999	13801	999999	999999	999999	13801	999999	999999	999999	13801	999999	999999	999999	13801	999999	999999	999999	13801	999999	999999	999999	13801	999999	999999	999999	999999
GTSP_SET_SECTION:
1 1 2 3 4 -1
2 5 6 7 8 -1
3 9 10 11 12 -1
4 13 14 15 16 -1
5 17 18 19 20 -1
6 21 22 23 24 -1
7 25 26 27 28 -1
8 29 30 31 32 -1
9 33 34 35 36 -1
10 37 38 39 40 -1
11 41
EOF