NAME:  test1
TYPE: AGTSP
COMMENT: gtsp tours
DIMENSION:  41
GTSP_SETS: 11
EDGE_WEIGHT_TYPE: EXPLICIT
EDGE_WEIGHT_FORMAT: FULL_MATRIX 
EDGE_WEIGHT_SECTION
999999	0	999999	999999	10274	10274	10274	10266	10263	10263	10255	999999	10272	10272	10272	10264	10258	10258	10250	999999	10261	10261	10253	999999	10266	10266	10266	10258	10281	10281	10281	10273	10289	10289	999999	999999	10274	10274	10274	10266	0
999999	999999	0	999999	10274	10274	10274	999999	10263	10263	10263	10255	10272	10272	10272	999999	10258	10258	10258	10250	10261	10261	10261	10253	10266	10266	10266	999999	10281	10281	10281	999999	10289	10289	10289	999999	10274	10274	10274	999999	0
999999	999999	999999	0	10274	10274	10274	10274	10263	10263	10263	10263	10272	10272	10272	10272	10258	10258	10258	10258	10261	10261	10261	10261	10266	10266	10266	10266	10281	10281	10281	10281	10289	10289	10289	10289	10274	10274	10274	10274	0
0	999999	999999	999999	10274	10274	10266	999999	10263	10255	999999	999999	10272	10272	10264	999999	10258	10250	999999	999999	10261	10253	999999	999999	10266	10266	10258	999999	10281	10281	10273	999999	10289	10289	10289	10281	10274	10274	10266	999999	0
10274	10274	10274	10266	999999	0	999999	999999	10259	10259	10251	999999	10269	10269	10269	10261	10274	10274	10274	10266	10281	10281	10281	10273	10266	10266	10266	10258	10287	10287	10287	10279	10300	10300	999999	999999	10286	10286	10286	10278	0
10274	10274	10274	999999	999999	999999	0	999999	10259	10259	10259	10251	10269	10269	10269	999999	10274	10274	10274	999999	10281	10281	10281	999999	10266	10266	10266	999999	10287	10287	10287	999999	10300	10300	10300	999999	10286	10286	10286	999999	0
10274	10274	10274	10274	999999	999999	999999	0	10259	10259	10259	10259	10269	10269	10269	10269	10274	10274	10274	10274	10281	10281	10281	10281	10266	10266	10266	10266	10287	10287	10287	10287	10300	10300	10300	10300	10286	10286	10286	10286	0
10274	10274	10266	999999	0	999999	999999	999999	10259	10251	999999	999999	10269	10269	10261	999999	10274	10274	10266	999999	10281	10281	10273	999999	10266	10266	10258	999999	10287	10287	10279	999999	10300	10300	10300	10292	10286	10286	10278	999999	0
10263	10263	10255	999999	10259	10259	10251	999999	999999	0	999999	999999	10259	10259	10251	999999	10260	10260	10252	999999	10275	10275	10275	10267	10254	10254	10246	999999	10289	10289	999999	999999	10300	10300	999999	999999	10285	10285	10285	10277	0
10263	10263	10263	10255	10259	10259	10259	10251	999999	999999	0	999999	10259	10259	10259	10251	10260	10260	10260	10252	10275	10275	10275	999999	10254	10254	10254	10246	10289	10289	10289	999999	10300	10300	10300	999999	10285	10285	10285	999999	0
10263	10263	10263	10263	10259	10259	10259	10259	999999	999999	999999	0	10259	10259	10259	10259	10260	10260	10260	10260	10275	10275	10275	10275	10254	10254	10254	10254	10289	10289	10289	10289	10300	10300	10300	10300	10285	10285	10285	10285	0
10263	10255	999999	999999	10259	10251	999999	999999	0	999999	999999	999999	10259	10251	999999	999999	10260	10252	999999	999999	10275	10275	10267	999999	10254	10246	999999	999999	10289	10289	10289	10281	10300	10300	10300	10292	10285	10285	10277	999999	0
10272	10272	10272	10264	10269	10269	10269	10261	10259	10259	10251	999999	999999	0	999999	999999	10261	10261	10253	999999	10287	10287	10287	10279	10250	10250	10242	999999	10303	10303	999999	999999	10313	10313	999999	999999	10298	10298	999999	999999	0
10272	10272	10272	999999	10269	10269	10269	999999	10259	10259	10259	10251	999999	999999	0	999999	10261	10261	10261	10253	10287	10287	10287	999999	10250	10250	10250	10242	10303	10303	10303	999999	10313	10313	10313	999999	10298	10298	10298	999999	0
10272	10272	10272	10272	10269	10269	10269	10269	10259	10259	10259	10259	999999	999999	999999	0	10261	10261	10261	10261	10287	10287	10287	10287	10250	10250	10250	10250	10303	10303	10303	10303	10313	10313	10313	10313	10298	10298	10298	10298	0
10272	10272	10264	999999	10269	10269	10261	999999	10259	10251	999999	999999	0	999999	999999	999999	10261	10253	999999	999999	10287	10287	10279	999999	10250	10242	999999	999999	10303	10303	10303	10295	10313	999999	999999	999999	10298	10298	10298	10290	0
10258	10258	10250	999999	10274	10274	10274	10266	10260	10260	10252	999999	10261	10261	10253	999999	999999	0	999999	999999	10274	10274	10274	10266	10257	10257	10249	999999	10294	10294	999999	999999	10302	10302	999999	999999	10287	10287	10287	10279	0
10258	10258	10258	10250	10274	10274	10274	999999	10260	10260	10260	10252	10261	10261	10261	10253	999999	999999	0	999999	10274	10274	10274	999999	10257	10257	10257	10249	10294	10294	10294	999999	10302	10302	10302	999999	10287	10287	10287	999999	0
10258	10258	10258	10258	10274	10274	10274	10274	10260	10260	10260	10260	10261	10261	10261	10261	999999	999999	999999	0	10274	10274	10274	10274	10257	10257	10257	10257	10294	10294	10294	10294	10302	10302	10302	10302	10287	10287	10287	10287	0
10258	10250	999999	999999	10274	10274	10266	999999	10260	10252	999999	999999	10261	10253	999999	999999	0	999999	999999	999999	10274	10274	10266	999999	10257	10249	999999	999999	10294	10294	10294	10286	10302	10302	10302	10294	10287	10287	10279	999999	0
10261	10261	10253	999999	10281	10281	10281	10273	10275	10275	10275	10267	10287	10287	10287	10279	10274	10274	10274	10266	999999	0	999999	999999	10281	10281	10281	10273	10268	10268	10268	10260	10274	10274	10274	10266	10259	10259	10251	999999	0
10261	10261	10261	10253	10281	10281	10281	999999	10275	10275	10275	999999	10287	10287	10287	999999	10274	10274	10274	999999	999999	999999	0	999999	10281	10281	10281	999999	10268	10268	10268	999999	10274	10274	10274	999999	10259	10259	10259	10251	0
10261	10261	10261	10261	10281	10281	10281	10281	10275	10275	10275	10275	10287	10287	10287	10287	10274	10274	10274	10274	999999	999999	999999	0	10281	10281	10281	10281	10268	10268	10268	10268	10274	10274	10274	10274	10259	10259	10259	10259	0
10261	10253	999999	999999	10281	10281	10273	999999	10275	10275	10267	999999	10287	10287	10279	999999	10274	10274	10266	999999	0	999999	999999	999999	10281	10281	10273	999999	10268	10268	10260	999999	10274	10274	10266	999999	10259	10251	999999	999999	0
10266	10266	10266	10258	10266	10266	10266	10258	10254	10254	10246	999999	10250	10250	10242	999999	10257	10257	10249	999999	10281	10281	10281	10273	999999	0	999999	999999	10297	10297	999999	999999	10308	10308	999999	999999	10292	10292	999999	999999	0
10266	10266	10266	999999	10266	10266	10266	999999	10254	10254	10254	10246	10250	10250	10250	10242	10257	10257	10257	10249	10281	10281	10281	999999	999999	999999	0	999999	10297	10297	10297	999999	10308	10308	10308	999999	10292	10292	10292	999999	0
10266	10266	10266	10266	10266	10266	10266	10266	10254	10254	10254	10254	10250	10250	10250	10250	10257	10257	10257	10257	10281	10281	10281	10281	999999	999999	999999	0	10297	10297	10297	10297	10308	10308	10308	10308	10292	10292	10292	10292	0
10266	10266	10258	999999	10266	10266	10258	999999	10254	10246	999999	999999	10250	10242	999999	999999	10257	10249	999999	999999	10281	10281	10273	999999	0	999999	999999	999999	10297	10297	10297	10289	10308	10308	10308	10300	10292	10292	10292	10284	0
10281	10281	10281	10273	10287	10287	10287	10279	10289	10289	999999	999999	10303	10303	999999	999999	10294	10294	999999	999999	10268	10268	10268	10260	10297	10297	999999	999999	999999	0	999999	999999	10258	10258	10250	999999	10255	10255	10247	999999	0
10281	10281	10281	999999	10287	10287	10287	999999	10289	10289	10289	999999	10303	10303	10303	999999	10294	10294	10294	999999	10268	10268	10268	999999	10297	10297	10297	999999	999999	999999	0	999999	10258	10258	10258	10250	10255	10255	10255	10247	0
10281	10281	10281	10281	10287	10287	10287	10287	10289	10289	10289	10289	10303	10303	10303	10303	10294	10294	10294	10294	10268	10268	10268	10268	10297	10297	10297	10297	999999	999999	999999	0	10258	10258	10258	10258	10255	10255	10255	10255	0
10281	10281	10273	999999	10287	10287	10279	999999	10289	10289	10289	10281	10303	10303	10303	10295	10294	10294	10294	10286	10268	10268	10260	999999	10297	10297	10297	10289	0	999999	999999	999999	10258	10250	999999	999999	10255	10247	999999	999999	0
10289	10289	999999	999999	10300	10300	999999	999999	10300	10300	999999	999999	10313	10313	999999	999999	10302	10302	999999	999999	10274	10274	10274	10266	10308	10308	999999	999999	10258	10258	10250	999999	999999	0	999999	999999	10260	10260	10252	999999	0
10289	10289	10289	999999	10300	10300	10300	999999	10300	10300	10300	999999	10313	10313	10313	999999	10302	10302	10302	999999	10274	10274	10274	999999	10308	10308	10308	999999	10258	10258	10258	10250	999999	999999	0	999999	10260	10260	10260	10252	0
10289	10289	10289	10289	10300	10300	10300	10300	10300	10300	10300	10300	10313	10313	10313	10313	10302	10302	10302	10302	10274	10274	10274	10274	10308	10308	10308	10308	10258	10258	10258	10258	999999	999999	999999	0	10260	10260	10260	10260	0
10289	10289	10289	10281	10300	10300	10300	10292	10300	10300	10300	10292	10313	999999	999999	999999	10302	10302	10302	10294	10274	10274	10266	999999	10308	10308	10308	10300	10258	10250	999999	999999	0	999999	999999	999999	10260	10252	999999	999999	0
10274	10274	10274	10266	10286	10286	10286	10278	10285	10285	10285	10277	10298	10298	999999	999999	10287	10287	10287	10279	10259	10259	10251	999999	10292	10292	999999	999999	10255	10255	10247	999999	10260	10260	10252	999999	999999	0	999999	999999	0
10274	10274	10274	999999	10286	10286	10286	999999	10285	10285	10285	999999	10298	10298	10298	999999	10287	10287	10287	999999	10259	10259	10259	10251	10292	10292	10292	999999	10255	10255	10255	10247	10260	10260	10260	10252	999999	999999	0	999999	0
10274	10274	10274	10274	10286	10286	10286	10286	10285	10285	10285	10285	10298	10298	10298	10298	10287	10287	10287	10287	10259	10259	10259	10259	10292	10292	10292	10292	10255	10255	10255	10255	10260	10260	10260	10260	999999	999999	999999	0	0
10274	10274	10266	999999	10286	10286	10278	999999	10285	10285	10277	999999	10298	10298	10298	10290	10287	10287	10279	999999	10259	10251	999999	999999	10292	10292	10292	10284	10255	10247	999999	999999	10260	10252	999999	999999	0	999999	999999	999999	0
10237	999999	999999	999999	10237	999999	999999	999999	10237	999999	999999	999999	10237	999999	999999	999999	10237	999999	999999	999999	10237	999999	999999	999999	10237	999999	999999	999999	10237	999999	999999	999999	10237	999999	999999	999999	10237	999999	999999	999999	999999
GTSP_SET_SECTION:
1 1 2 3 4 -1
2 5 6 7 8 -1
3 9 10 11 12 -1
4 13 14 15 16 -1
5 17 18 19 20 -1
6 21 22 23 24 -1
7 25 26 27 28 -1
8 29 30 31 32 -1
9 33 34 35 36 -1
10 37 38 39 40 -1
11 41
EOF