NAME:  test1
TYPE: AGTSP
COMMENT: gtsp tours
DIMENSION: 85 
GTSP_SETS: 13
EDGE_WEIGHT_TYPE: EXPLICIT
EDGE_WEIGHT_FORMAT: FULL_MATRIX 
EDGE_WEIGHT_SECTION
999999	0	999999	999999	999999	999999	999999	32237	32237	32237	32229	999999	999999	999999	32275	32275	32275	32275	32275	32275	32267	32258	32258	32258	32258	32258	32250	999999	32231	32231	32231	32223	999999	999999	999999	32264	32264	32264
999999	999999	0	999999	999999	999999	999999	32237	32237	32237	32237	32229	999999	999999	32275	32275	32275	999999	999999	999999	999999	32258	32258	32258	32258	32258	32258	32250	32231	32231	32231	32231	32223	999999	999999	32264	32264	32264
999999	999999	999999	0	999999	999999	999999	32237	32237	32237	32237	32237	32229	999999	32275	32275	32275	32275	999999	999999	999999	32258	32258	32258	32258	999999	999999	999999	32231	32231	32231	32231	32231	32223	999999	32264	32264	32264
999999	999999	999999	999999	0	999999	999999	32237	32237	32237	32237	32237	32237	32229	32275	32275	32275	32275	32275	999999	999999	32258	32258	32258	32258	32258	999999	999999	32231	32231	32231	32231	32231	32231	32223	32264	32264	32264
999999	999999	999999	999999	999999	0	999999	32237	32237	32237	32237	32237	32237	999999	32275	32275	32275	32275	32275	32275	999999	32258	32258	32258	32258	32258	32258	999999	32231	32231	32231	32231	32231	32231	999999	32264	32264	32264
999999	999999	999999	999999	999999	999999	0	32237	32237	32237	32237	32237	32237	32237	32275	32275	32275	32275	32275	32275	32275	32258	32258	32258	32258	32258	32258	32258	32231	32231	32231	32231	32231	32231	32231	32264	32264	32264
0	999999	999999	999999	999999	999999	999999	32237	32237	32229	999999	999999	999999	999999	32275	32275	32275	32275	32275	32267	999999	32258	32258	32258	32258	32250	999999	999999	32231	32231	32223	999999	999999	999999	999999	32264	32264	32264
32237	32237	32237	32229	999999	999999	999999	999999	0	999999	999999	999999	999999	999999	32278	32278	32278	32278	32278	32278	32270	32251	32251	32251	32251	32243	999999	999999	32233	32233	32233	32225	999999	999999	999999	32274	32274	32274
32237	32237	32237	32237	32229	999999	999999	999999	999999	0	999999	999999	999999	999999	32278	32278	32278	999999	999999	999999	999999	32251	32251	32251	32251	32251	32243	999999	32233	32233	32233	32233	32225	999999	999999	32274	32274	32274
32237	32237	32237	32237	32237	32229	999999	999999	999999	999999	0	999999	999999	999999	32278	32278	32278	32278	999999	999999	999999	32251	32251	32251	32251	32251	32251	32243	32233	32233	32233	32233	32233	32225	999999	32274	32274	32274
32237	32237	32237	32237	32237	32237	32229	999999	999999	999999	999999	0	999999	999999	32278	32278	32278	32278	32278	999999	999999	32251	32251	32251	32251	32251	999999	999999	32233	32233	32233	32233	32233	32233	32225	32274	32274	32274
32237	32237	32237	32237	32237	32237	999999	999999	999999	999999	999999	999999	0	999999	32278	32278	32278	32278	32278	32278	999999	32251	32251	32251	32251	32251	32251	999999	32233	32233	32233	32233	32233	32233	999999	32274	32274	32274
32237	32237	32237	32237	32237	32237	32237	999999	999999	999999	999999	999999	999999	0	32278	32278	32278	32278	32278	32278	32278	32251	32251	32251	32251	32251	32251	32251	32233	32233	32233	32233	32233	32233	32233	32274	32274	32274
32237	32237	32229	999999	999999	999999	999999	0	999999	999999	999999	999999	999999	999999	32278	32278	32278	32278	32278	32270	999999	32251	32251	32251	32243	999999	999999	999999	32233	32233	32225	999999	999999	999999	999999	32274	32274	32274
32275	32275	32275	32275	32275	32275	32267	32278	32278	32278	32278	32278	32278	32270	999999	0	999999	999999	999999	999999	999999	32254	32254	32254	32254	32246	999999	999999	32266	32266	32266	32266	32266	32258	999999	32239	32239	32239
32275	32275	32275	999999	999999	999999	999999	32278	32278	32278	999999	999999	999999	999999	999999	999999	0	999999	999999	999999	999999	32254	32254	32254	32254	32254	32246	999999	32266	32266	32266	32266	32266	32266	32258	32239	32239	32239
32275	32275	32275	32275	999999	999999	999999	32278	32278	32278	32278	999999	999999	999999	999999	999999	999999	0	999999	999999	999999	32254	32254	32254	32254	32254	32254	32246	32266	32266	32266	32266	999999	999999	999999	32239	32239	32239
32275	32275	32275	32275	32275	999999	999999	32278	32278	32278	32278	32278	999999	999999	999999	999999	999999	999999	0	999999	999999	32254	32254	32254	32254	32254	999999	999999	32266	32266	32266	32266	32266	999999	999999	32239	32239	32239
32275	32275	32275	32275	32275	32275	999999	32278	32278	32278	32278	32278	32278	999999	999999	999999	999999	999999	999999	0	999999	32254	32254	32254	32254	32254	32254	999999	32266	32266	32266	32266	32266	32266	999999	32239	32239	32239
32275	32275	32275	32275	32275	32275	32275	32278	32278	32278	32278	32278	32278	32278	999999	999999	999999	999999	999999	999999	0	32254	32254	32254	32254	32254	32254	32254	32266	32266	32266	32266	32266	32266	32266	32239	32239	32239
32275	32275	32275	32275	32275	32267	999999	32278	32278	32278	32278	32278	32270	999999	0	999999	999999	999999	999999	999999	999999	32254	32254	32254	32246	999999	999999	999999	32266	32266	32266	32266	32258	999999	999999	32239	32239	32231
32258	32258	32258	32258	32258	32250	999999	32251	32251	32251	32251	32243	999999	999999	32254	32254	32254	32254	32246	999999	999999	999999	0	999999	999999	999999	999999	999999	32245	32245	32245	32245	32237	999999	999999	32261	32261	32261
32258	32258	32258	32258	32258	32258	32250	32251	32251	32251	32251	32251	32243	999999	32254	32254	32254	32254	32254	32246	999999	999999	999999	0	999999	999999	999999	999999	32245	32245	32245	32245	32245	32237	999999	32261	32261	32261
32258	32258	32258	32258	999999	999999	999999	32251	32251	32251	32251	32251	32251	32243	32254	32254	32254	32254	32254	32254	32246	999999	999999	999999	0	999999	999999	999999	32245	32245	32245	32245	32245	32245	32237	32261	32261	32261
32258	32258	32258	32258	32258	999999	999999	32251	32251	32251	32251	32251	999999	999999	32254	32254	32254	32254	32254	999999	999999	999999	999999	999999	999999	0	999999	999999	32245	32245	32245	32245	32245	999999	999999	32261	32261	32261
32258	32258	32258	32258	32258	32258	999999	32251	32251	32251	32251	32251	32251	999999	32254	32254	32254	32254	32254	32254	999999	999999	999999	999999	999999	999999	0	999999	32245	32245	32245	32245	32245	32245	999999	32261	32261	32261
32258	32258	32258	32258	32258	32258	32258	32251	32251	32251	32251	32251	32251	32251	32254	32254	32254	32254	32254	32254	32254	999999	999999	999999	999999	999999	999999	0	32245	32245	32245	32245	32245	32245	32245	32261	32261	32261
32258	32258	32258	32258	32250	999999	999999	32251	32251	32251	32243	999999	999999	999999	32254	32254	32254	32246	999999	999999	999999	0	999999	999999	999999	999999	999999	999999	32245	32245	32245	32237	999999	999999	999999	32261	32261	32261
32231	32231	32231	32223	999999	999999	999999	32233	32233	32233	32225	999999	999999	999999	32266	32266	32266	32266	32266	32258	999999	32245	32245	32245	32245	32237	999999	999999	999999	0	999999	999999	999999	999999	999999	32260	32260	32260
32231	32231	32231	32231	32223	999999	999999	32233	32233	32233	32233	32225	999999	999999	32266	32266	32266	32266	32266	32266	32258	32245	32245	32245	32245	32245	32237	999999	999999	999999	0	999999	999999	999999	999999	32260	32260	32260
32231	32231	32231	32231	32231	32223	999999	32233	32233	32233	32233	32233	32225	999999	32266	32266	32266	32266	999999	999999	999999	32245	32245	32245	32245	32245	32245	32237	999999	999999	999999	0	999999	999999	999999	32260	32260	32260
32231	32231	32231	32231	32231	32231	32223	32233	32233	32233	32233	32233	32233	32225	32266	32266	32266	32266	32266	999999	999999	32245	32245	32245	32245	32245	999999	999999	999999	999999	999999	999999	0	999999	999999	32260	32260	32260
32231	32231	32231	32231	32231	32231	999999	32233	32233	32233	32233	32233	32233	999999	32266	32266	32266	32266	32266	32266	999999	32245	32245	32245	32245	32245	32245	999999	999999	999999	999999	999999	999999	0	999999	32260	32260	32260
32231	32231	32231	32231	32231	32231	32231	32233	32233	32233	32233	32233	32233	32233	32266	32266	32266	32266	32266	32266	32266	32245	32245	32245	32245	32245	32245	32245	999999	999999	999999	999999	999999	999999	0	32260	32260	32260
32231	32231	32223	999999	999999	999999	999999	32233	32233	32225	999999	999999	999999	999999	32266	32266	32266	32266	32258	999999	999999	32245	32245	32245	32237	999999	999999	999999	0	999999	999999	999999	999999	999999	999999	32260	32260	32260
32264	32264	32264	32264	32264	32256	999999	32274	32274	32274	32274	32274	32274	32266	32239	32239	32239	32231	999999	999999	999999	32261	32261	32261	32261	32261	32253	999999	32260	32260	32260	32260	32260	32252	999999	999999	0	999999
32264	32264	32264	32264	32264	32264	32256	32274	32274	32274	999999	999999	999999	999999	32239	32239	32239	32239	32231	999999	999999	32261	32261	32261	32261	32261	32261	32253	32260	32260	32260	32260	32260	32260	32252	999999	999999	0
32264	32264	32264	32264	999999	999999	999999	32274	32274	32274	32274	999999	999999	999999	32239	32239	32239	32239	32239	32231	999999	32261	32261	32261	32261	999999	999999	999999	32260	32260	32260	32260	999999	999999	999999	999999	999999	999999
GTSP_SET_SECTION:
1 1 2 3 4 5 6 7 -1
2 8 9 10 11 12 13 14 -1
3 15 16 17 18 19 20 21 -1
4 22 23 24 25 26 27 28 -1
5 29 30 31 32 33 34 35 -1
6 36 37 38 39 40 41 42 -1
7 43 44 45 46 47 48 49 -1
8 50 51 52 53 54 55 56 -1
9 57 58 59 60 61 62 63 -1
10 64 65 66 67 68 69 70 -1
11 71 72 73 74 75 76 77 -1
12 78 79 80 81 82 83 84 -1
13 85 -1
EOF