NAME:  test1
TYPE: AGTSP
COMMENT: gtsp tours
DIMENSION: 85 
GTSP_SETS: 13
EDGE_WEIGHT_TYPE: EXPLICIT
EDGE_WEIGHT_FORMAT: FULL_MATRIX 
EDGE_WEIGHT_SECTION
999999	0	999999	999999	999999	999999	999999	25829	25829	25829	25829	25821	999999	999999	25839	25839	25839	25839	25839	25831	999999	25819	25819	25819	25819	25811	999999	999999	25822	25822	25822	25822	25814	999999	999999	25820	25820	25820
999999	999999	0	999999	999999	999999	999999	25829	25829	25829	25829	25829	25821	999999	25839	25839	25839	25839	25839	25839	25831	25819	25819	25819	25819	25819	25811	999999	25822	25822	25822	25822	25822	25814	999999	25820	25820	25820
999999	999999	999999	0	999999	999999	999999	25829	25829	25829	25829	25829	25829	25821	25839	25839	25839	25839	999999	999999	999999	25819	25819	25819	25819	25819	25819	25811	25822	25822	25822	25822	25822	25822	25814	25820	25820	25820
999999	999999	999999	999999	0	999999	999999	25829	25829	25829	25829	25829	999999	999999	25839	25839	25839	25839	25839	999999	999999	25819	25819	25819	25819	25819	999999	999999	25822	25822	25822	25822	25822	999999	999999	25820	25820	25820
999999	999999	999999	999999	999999	0	999999	25829	25829	25829	25829	25829	25829	999999	25839	25839	25839	25839	25839	25839	999999	25819	25819	25819	25819	25819	25819	999999	25822	25822	25822	25822	25822	25822	999999	25820	25820	25820
999999	999999	999999	999999	999999	999999	0	25829	25829	25829	25829	25829	25829	25829	25839	25839	25839	25839	25839	25839	25839	25819	25819	25819	25819	25819	25819	25819	25822	25822	25822	25822	25822	25822	25822	25820	25820	25820
0	999999	999999	999999	999999	999999	999999	25829	25829	25829	25821	999999	999999	999999	25839	25839	25839	25839	25831	999999	999999	25819	25819	25819	25811	999999	999999	999999	25822	25822	25822	25814	999999	999999	999999	25820	25820	25820
25829	25829	25829	25829	25821	999999	999999	999999	0	999999	999999	999999	999999	999999	25844	25844	25844	25844	25844	25844	25836	25810	25810	25810	25802	999999	999999	999999	25808	25808	25808	25800	999999	999999	999999	25802	25802	25794
25829	25829	25829	25829	25829	25821	999999	999999	999999	0	999999	999999	999999	999999	25844	25844	25844	999999	999999	999999	999999	25810	25810	25810	25810	25802	999999	999999	25808	25808	25808	25808	25800	999999	999999	25802	25802	25802
25829	25829	25829	25829	25829	25829	25821	999999	999999	999999	0	999999	999999	999999	25844	25844	25844	25844	999999	999999	999999	25810	25810	25810	25810	25810	25802	999999	25808	25808	25808	25808	25808	25800	999999	25802	25802	25802
25829	25829	25829	25829	25829	999999	999999	999999	999999	999999	999999	0	999999	999999	25844	25844	25844	25844	25844	999999	999999	25810	25810	25810	25810	25810	25810	25802	25808	25808	25808	25808	25808	25808	25800	25802	25802	25802
25829	25829	25829	25829	25829	25829	999999	999999	999999	999999	999999	999999	0	999999	25844	25844	25844	25844	25844	25844	999999	25810	25810	25810	25810	25810	25810	999999	25808	25808	25808	25808	25808	25808	999999	25802	25802	25802
25829	25829	25829	25829	25829	25829	25829	999999	999999	999999	999999	999999	999999	0	25844	25844	25844	25844	25844	25844	25844	25810	25810	25810	25810	25810	25810	25810	25808	25808	25808	25808	25808	25808	25808	25802	25802	25802
25829	25829	25829	25821	999999	999999	999999	0	999999	999999	999999	999999	999999	999999	25844	25844	25844	25844	25844	25836	999999	25810	25810	25802	999999	999999	999999	999999	25808	25808	25800	999999	999999	999999	999999	25802	25794	999999
25839	25839	25839	25839	25839	25831	999999	25844	25844	25844	25844	25844	25844	25836	999999	0	999999	999999	999999	999999	999999	25827	25827	25827	25827	25819	999999	999999	25851	25851	25851	25851	25851	25851	25843	25842	25842	25842
25839	25839	25839	25839	25839	25839	25831	25844	25844	25844	999999	999999	999999	999999	999999	999999	0	999999	999999	999999	999999	25827	25827	25827	25827	25827	25819	999999	25851	25851	25851	999999	999999	999999	999999	25842	25842	25842
25839	25839	25839	25839	999999	999999	999999	25844	25844	25844	25844	999999	999999	999999	999999	999999	999999	0	999999	999999	999999	25827	25827	25827	25827	25827	25827	25819	25851	25851	25851	25851	999999	999999	999999	25842	25842	25842
25839	25839	25839	25839	25839	999999	999999	25844	25844	25844	25844	25844	999999	999999	999999	999999	999999	999999	0	999999	999999	25827	25827	25827	25827	25827	999999	999999	25851	25851	25851	25851	25851	999999	999999	25842	25842	25842
25839	25839	25839	25839	25839	25839	999999	25844	25844	25844	25844	25844	25844	999999	999999	999999	999999	999999	999999	0	999999	25827	25827	25827	25827	25827	25827	999999	25851	25851	25851	25851	25851	25851	999999	25842	25842	25842
25839	25839	25839	25839	25839	25839	25839	25844	25844	25844	25844	25844	25844	25844	999999	999999	999999	999999	999999	999999	0	25827	25827	25827	25827	25827	25827	25827	25851	25851	25851	25851	25851	25851	25851	25842	25842	25842
25839	25839	25839	25839	25831	999999	999999	25844	25844	25844	25844	25844	25836	999999	0	999999	999999	999999	999999	999999	999999	25827	25827	25827	25819	999999	999999	999999	25851	25851	25851	25851	25851	25843	999999	25842	25842	25842
25819	25819	25819	25819	25811	999999	999999	25810	25810	25810	25802	999999	999999	999999	25827	25827	25827	25827	25819	999999	999999	999999	0	999999	999999	999999	999999	999999	25817	25817	25817	25817	25809	999999	999999	25808	25808	25808
25819	25819	25819	25819	25819	25811	999999	25810	25810	25810	25810	25802	999999	999999	25827	25827	25827	25827	25827	25819	999999	999999	999999	0	999999	999999	999999	999999	25817	25817	25817	25817	25817	25809	999999	25808	25808	25808
25819	25819	25819	25819	25819	25819	25811	25810	25810	25810	25810	25810	25802	999999	25827	25827	25827	25827	25827	25827	25819	999999	999999	999999	0	999999	999999	999999	25817	25817	25817	25817	25817	25817	25809	25808	25808	25808
25819	25819	25819	25819	25819	999999	999999	25810	25810	25810	25810	25810	25810	25802	25827	25827	25827	25827	25827	999999	999999	999999	999999	999999	999999	0	999999	999999	25817	25817	25817	25817	25817	999999	999999	25808	25808	25808
25819	25819	25819	25819	25819	25819	999999	25810	25810	25810	25810	25810	25810	999999	25827	25827	25827	25827	25827	25827	999999	999999	999999	999999	999999	999999	0	999999	25817	25817	25817	25817	25817	25817	999999	25808	25808	25808
25819	25819	25819	25819	25819	25819	25819	25810	25810	25810	25810	25810	25810	25810	25827	25827	25827	25827	25827	25827	25827	999999	999999	999999	999999	999999	999999	0	25817	25817	25817	25817	25817	25817	25817	25808	25808	25808
25819	25819	25819	25811	999999	999999	999999	25810	25810	25802	999999	999999	999999	999999	25827	25827	25827	25819	999999	999999	999999	0	999999	999999	999999	999999	999999	999999	25817	25817	25817	25809	999999	999999	999999	25808	25808	25800
25822	25822	25822	25822	25814	999999	999999	25808	25808	25808	25800	999999	999999	999999	25851	25851	25851	25851	25851	25851	25843	25817	25817	25817	25817	25809	999999	999999	999999	0	999999	999999	999999	999999	999999	25803	25803	25795
25822	25822	25822	25822	25822	25814	999999	25808	25808	25808	25808	25800	999999	999999	25851	25851	25851	999999	999999	999999	999999	25817	25817	25817	25817	25817	25809	999999	999999	999999	0	999999	999999	999999	999999	25803	25803	25803
25822	25822	25822	25822	25822	25822	25814	25808	25808	25808	25808	25808	25800	999999	25851	25851	25851	25851	999999	999999	999999	25817	25817	25817	25817	25817	25817	25809	999999	999999	999999	0	999999	999999	999999	25803	25803	25803
25822	25822	25822	25822	25822	999999	999999	25808	25808	25808	25808	25808	25808	25800	25851	25851	25851	25851	25851	999999	999999	25817	25817	25817	25817	25817	999999	999999	999999	999999	999999	999999	0	999999	999999	25803	25803	25803
25822	25822	25822	25822	25822	25822	999999	25808	25808	25808	25808	25808	25808	999999	25851	25851	25851	25851	25851	25851	999999	25817	25817	25817	25817	25817	25817	999999	999999	999999	999999	999999	999999	0	999999	25803	25803	25803
25822	25822	25822	25822	25822	25822	25822	25808	25808	25808	25808	25808	25808	25808	25851	25851	25851	25851	25851	25851	25851	25817	25817	25817	25817	25817	25817	25817	999999	999999	999999	999999	999999	999999	0	25803	25803	25803
25822	25822	25822	25814	999999	999999	999999	25808	25808	25800	999999	999999	999999	999999	25851	25851	25851	25851	25851	25843	999999	25817	25817	25817	25809	999999	999999	999999	0	999999	999999	999999	999999	999999	999999	25803	25795	999999
25820	25820	25820	25820	25812	999999	999999	25802	25802	25794	999999	999999	999999	999999	25842	25842	25842	25842	25842	25842	25834	25808	25808	25808	25800	999999	999999	999999	25803	25803	25795	999999	999999	999999	999999	999999	0	999999
25820	25820	25820	25820	25820	25812	999999	25802	25802	25802	25794	999999	999999	999999	25842	25842	25842	999999	999999	999999	999999	25808	25808	25808	25808	25800	999999	999999	25803	25803	25803	25795	999999	999999	999999	999999	999999	0
25820	25820	25820	25820	25820	25820	25812	25802	25802	25802	25802	25794	999999	999999	25842	25842	25842	25842	999999	999999	999999	25808	25808	25808	25808	25808	25800	999999	25803	25803	25803	25803	25795	999999	999999	999999	999999	999999
GTSP_SET_SECTION:
1 1 2 3 4 5 6 7 -1
2 8 9 10 11 12 13 14 -1
3 15 16 17 18 19 20 21 -1
4 22 23 24 25 26 27 28 -1
5 29 30 31 32 33 34 35 -1
6 36 37 38 39 40 41 42 -1
7 43 44 45 46 47 48 49 -1
8 50 51 52 53 54 55 56 -1
9 57 58 59 60 61 62 63 -1
10 64 65 66 67 68 69 70 -1
11 71 72 73 74 75 76 77 -1
12 78 79 80 81 82 83 84 -1
13 85 -1
EOF