NAME:  test1
TYPE: AGTSP
COMMENT: gtsp tours
DIMENSION: 85 
GTSP_SETS: 13
EDGE_WEIGHT_TYPE: EXPLICIT
EDGE_WEIGHT_FORMAT: FULL_MATRIX 
EDGE_WEIGHT_SECTION
999999	0	999999	999999	999999	999999	999999	25399	25399	25391	999999	999999	999999	999999	25431	25431	25431	25431	25423	999999	999999	25447	25447	25447	25447	25447	25447	25439	25420	25420	25420	25420	25412	999999	999999	25429	25429	25429
999999	999999	0	999999	999999	999999	999999	25399	25399	25399	25391	999999	999999	999999	25431	25431	25431	25431	25431	25423	999999	25447	25447	25447	999999	999999	999999	999999	25420	25420	25420	25420	25420	25412	999999	25429	25429	25429
999999	999999	999999	0	999999	999999	999999	25399	25399	25399	25399	25391	999999	999999	25431	25431	25431	25431	25431	25431	25423	25447	25447	25447	25447	999999	999999	999999	25420	25420	25420	25420	25420	25420	25412	25429	25429	25429
999999	999999	999999	999999	0	999999	999999	25399	25399	25399	25399	25399	25391	999999	25431	25431	25431	25431	25431	999999	999999	25447	25447	25447	25447	25447	999999	999999	25420	25420	25420	25420	25420	999999	999999	25429	25429	25429
999999	999999	999999	999999	999999	0	999999	25399	25399	25399	25399	25399	25399	25391	25431	25431	25431	25431	25431	25431	999999	25447	25447	25447	25447	25447	25447	999999	25420	25420	25420	25420	25420	25420	999999	25429	25429	25429
999999	999999	999999	999999	999999	999999	0	25399	25399	25399	25399	25399	25399	25399	25431	25431	25431	25431	25431	25431	25431	25447	25447	25447	25447	25447	25447	25447	25420	25420	25420	25420	25420	25420	25420	25429	25429	25429
0	999999	999999	999999	999999	999999	999999	25399	25391	999999	999999	999999	999999	999999	25431	25431	25431	25423	999999	999999	999999	25447	25447	25447	25447	25447	25439	999999	25420	25420	25420	25412	999999	999999	999999	25429	25429	25429
25399	25399	25391	999999	999999	999999	999999	999999	0	999999	999999	999999	999999	999999	25434	25434	25434	25434	25434	25426	999999	25447	25447	25447	25447	25447	25447	25439	25418	25418	25418	25410	999999	999999	999999	25425	25425	25425
25399	25399	25399	25391	999999	999999	999999	999999	999999	0	999999	999999	999999	999999	25434	25434	25434	25434	25434	25434	25426	25447	25447	25447	999999	999999	999999	999999	25418	25418	25418	25418	25410	999999	999999	25425	25425	25425
25399	25399	25399	25399	25391	999999	999999	999999	999999	999999	0	999999	999999	999999	25434	25434	25434	25434	999999	999999	999999	25447	25447	25447	25447	999999	999999	999999	25418	25418	25418	25418	25418	25410	999999	25425	25425	25425
25399	25399	25399	25399	25399	25391	999999	999999	999999	999999	999999	0	999999	999999	25434	25434	25434	25434	25434	999999	999999	25447	25447	25447	25447	25447	999999	999999	25418	25418	25418	25418	25418	25418	25410	25425	25425	25425
25399	25399	25399	25399	25399	25399	25391	999999	999999	999999	999999	999999	0	999999	25434	25434	25434	25434	25434	25434	999999	25447	25447	25447	25447	25447	25447	999999	25418	25418	25418	25418	25418	25418	999999	25425	25425	25425
25399	25399	25399	25399	25399	25399	25399	999999	999999	999999	999999	999999	999999	0	25434	25434	25434	25434	25434	25434	25434	25447	25447	25447	25447	25447	25447	25447	25418	25418	25418	25418	25418	25418	25418	25425	25425	25425
25399	25391	999999	999999	999999	999999	999999	0	999999	999999	999999	999999	999999	999999	25434	25434	25434	25434	25426	999999	999999	25447	25447	25447	25447	25447	25439	999999	25418	25418	25410	999999	999999	999999	999999	25425	25425	25425
25431	25431	25431	25431	25423	999999	999999	25434	25434	25434	25434	25434	25426	999999	999999	0	999999	999999	999999	999999	999999	25440	25440	25440	25440	25440	25432	999999	25433	25433	25433	25433	25433	25425	999999	25451	25451	25451
25431	25431	25431	25431	25431	25423	999999	25434	25434	25434	25434	25434	25434	25426	999999	999999	0	999999	999999	999999	999999	25440	25440	25440	25440	25440	25440	25432	25433	25433	25433	25433	25433	25433	25425	25451	25451	25451
25431	25431	25431	25431	25431	25431	25423	25434	25434	25434	25434	999999	999999	999999	999999	999999	999999	0	999999	999999	999999	25440	25440	25440	25440	999999	999999	999999	25433	25433	25433	25433	999999	999999	999999	25451	25451	25451
25431	25431	25431	25431	25431	999999	999999	25434	25434	25434	25434	25434	999999	999999	999999	999999	999999	999999	0	999999	999999	25440	25440	25440	25440	25440	999999	999999	25433	25433	25433	25433	25433	999999	999999	25451	25451	25451
25431	25431	25431	25431	25431	25431	999999	25434	25434	25434	25434	25434	25434	999999	999999	999999	999999	999999	999999	0	999999	25440	25440	25440	25440	25440	25440	999999	25433	25433	25433	25433	25433	25433	999999	25451	25451	25451
25431	25431	25431	25431	25431	25431	25431	25434	25434	25434	25434	25434	25434	25434	999999	999999	999999	999999	999999	999999	0	25440	25440	25440	25440	25440	25440	25440	25433	25433	25433	25433	25433	25433	25433	25451	25451	25451
25431	25431	25431	25423	999999	999999	999999	25434	25434	25434	25434	25426	999999	999999	0	999999	999999	999999	999999	999999	999999	25440	25440	25440	25440	25432	999999	999999	25433	25433	25433	25433	25425	999999	999999	25451	25451	25451
25447	25447	25447	25447	25447	25447	25439	25447	25447	25447	25447	25447	25447	25439	25440	25440	25440	25440	25440	25432	999999	999999	0	999999	999999	999999	999999	999999	25424	25424	25424	25424	25416	999999	999999	25435	25435	25435
25447	25447	25447	999999	999999	999999	999999	25447	25447	25447	999999	999999	999999	999999	25440	25440	25440	25440	25440	25440	25432	999999	999999	0	999999	999999	999999	999999	25424	25424	25424	25424	25424	25416	999999	25435	25435	25435
25447	25447	25447	25447	999999	999999	999999	25447	25447	25447	25447	999999	999999	999999	25440	25440	25440	25440	999999	999999	999999	999999	999999	999999	0	999999	999999	999999	25424	25424	25424	25424	25424	25424	25416	25435	25435	25435
25447	25447	25447	25447	25447	999999	999999	25447	25447	25447	25447	25447	999999	999999	25440	25440	25440	25440	25440	999999	999999	999999	999999	999999	999999	0	999999	999999	25424	25424	25424	25424	25424	999999	999999	25435	25435	25435
25447	25447	25447	25447	25447	25447	999999	25447	25447	25447	25447	25447	25447	999999	25440	25440	25440	25440	25440	25440	999999	999999	999999	999999	999999	999999	0	999999	25424	25424	25424	25424	25424	25424	999999	25435	25435	25435
25447	25447	25447	25447	25447	25447	25447	25447	25447	25447	25447	25447	25447	25447	25440	25440	25440	25440	25440	25440	25440	999999	999999	999999	999999	999999	999999	0	25424	25424	25424	25424	25424	25424	25424	25435	25435	25435
25447	25447	25447	25447	25447	25439	999999	25447	25447	25447	25447	25447	25439	999999	25440	25440	25440	25440	25432	999999	999999	0	999999	999999	999999	999999	999999	999999	25424	25424	25424	25416	999999	999999	999999	25435	25435	25435
25420	25420	25420	25420	25412	999999	999999	25418	25418	25418	25410	999999	999999	999999	25433	25433	25433	25433	25433	25425	999999	25424	25424	25424	25424	25416	999999	999999	999999	0	999999	999999	999999	999999	999999	25413	25413	25413
25420	25420	25420	25420	25420	25412	999999	25418	25418	25418	25418	25410	999999	999999	25433	25433	25433	25433	25433	25433	25425	25424	25424	25424	25424	25424	25416	999999	999999	999999	0	999999	999999	999999	999999	25413	25413	25413
25420	25420	25420	25420	25420	25420	25412	25418	25418	25418	25418	25418	25410	999999	25433	25433	25433	25433	999999	999999	999999	25424	25424	25424	25424	25424	25424	25416	999999	999999	999999	0	999999	999999	999999	25413	25413	25413
25420	25420	25420	25420	25420	999999	999999	25418	25418	25418	25418	25418	25418	25410	25433	25433	25433	25433	25433	999999	999999	25424	25424	25424	25424	25424	999999	999999	999999	999999	999999	999999	0	999999	999999	25413	25413	25413
25420	25420	25420	25420	25420	25420	999999	25418	25418	25418	25418	25418	25418	999999	25433	25433	25433	25433	25433	25433	999999	25424	25424	25424	25424	25424	25424	999999	999999	999999	999999	999999	999999	0	999999	25413	25413	25413
25420	25420	25420	25420	25420	25420	25420	25418	25418	25418	25418	25418	25418	25418	25433	25433	25433	25433	25433	25433	25433	25424	25424	25424	25424	25424	25424	25424	999999	999999	999999	999999	999999	999999	0	25413	25413	25413
25420	25420	25420	25412	999999	999999	999999	25418	25418	25410	999999	999999	999999	999999	25433	25433	25433	25433	25425	999999	999999	25424	25424	25424	25416	999999	999999	999999	0	999999	999999	999999	999999	999999	999999	25413	25413	25405
25429	25429	25429	25429	25421	999999	999999	25425	25425	25425	25425	25417	999999	999999	25451	25451	25451	25451	25451	25451	25443	25435	25435	25435	25435	25435	25427	999999	25413	25413	25413	25405	999999	999999	999999	999999	0	999999
25429	25429	25429	25429	25429	25421	999999	25425	25425	25425	25425	25425	25417	999999	25451	25451	25451	999999	999999	999999	999999	25435	25435	25435	25435	25435	25435	25427	25413	25413	25413	25413	25405	999999	999999	999999	999999	0
25429	25429	25429	25429	25429	25429	25421	25425	25425	25425	25425	25425	25425	25417	25451	25451	25451	25451	999999	999999	999999	25435	25435	25435	25435	999999	999999	999999	25413	25413	25413	25413	25413	25405	999999	999999	999999	999999
GTSP_SET_SECTION:
1 1 2 3 4 5 6 7 -1
2 8 9 10 11 12 13 14 -1
3 15 16 17 18 19 20 21 -1
4 22 23 24 25 26 27 28 -1
5 29 30 31 32 33 34 35 -1
6 36 37 38 39 40 41 42 -1
7 43 44 45 46 47 48 49 -1
8 50 51 52 53 54 55 56 -1
9 57 58 59 60 61 62 63 -1
10 64 65 66 67 68 69 70 -1
11 71 72 73 74 75 76 77 -1
12 78 79 80 81 82 83 84 -1
13 85 -1
EOF