NAME:  test1
TYPE: AGTSP
COMMENT: gtsp tours
DIMENSION: 85 
GTSP_SETS: 13
EDGE_WEIGHT_TYPE: EXPLICIT
EDGE_WEIGHT_FORMAT: FULL_MATRIX 
EDGE_WEIGHT_SECTION
999999	0	999999	999999	999999	999999	999999	28817	28817	28817	28817	28809	999999	999999	28810	28810	28810	28802	999999	999999	999999	28814	28814	28814	28814	28806	999999	999999	28795	28795	28787	999999	999999	999999	999999	28819	28819	28819
999999	999999	0	999999	999999	999999	999999	28817	28817	28817	28817	28817	28809	999999	28810	28810	28810	28810	28802	999999	999999	28814	28814	28814	28814	28814	28806	999999	28795	28795	28795	28787	999999	999999	999999	28819	28819	28819
999999	999999	999999	0	999999	999999	999999	28817	28817	28817	28817	28817	28817	28809	28810	28810	28810	28810	28810	28802	999999	28814	28814	28814	28814	28814	28814	28806	28795	28795	28795	28795	28787	999999	999999	28819	28819	28819
999999	999999	999999	999999	0	999999	999999	28817	28817	28817	28817	28817	999999	999999	28810	28810	28810	28810	28810	28810	28802	28814	28814	28814	28814	28814	999999	999999	28795	28795	28795	28795	28795	28787	999999	28819	28819	28819
999999	999999	999999	999999	999999	0	999999	28817	28817	28817	28817	28817	28817	999999	28810	28810	28810	28810	28810	28810	999999	28814	28814	28814	28814	28814	28814	999999	28795	28795	28795	28795	28795	28795	28787	28819	28819	28819
999999	999999	999999	999999	999999	999999	0	28817	28817	28817	28817	28817	28817	28817	28810	28810	28810	28810	28810	28810	28810	28814	28814	28814	28814	28814	28814	28814	28795	28795	28795	28795	28795	28795	28795	28819	28819	28819
0	999999	999999	999999	999999	999999	999999	28817	28817	28817	28809	999999	999999	999999	28810	28810	28802	999999	999999	999999	999999	28814	28814	28814	28806	999999	999999	999999	28795	28787	999999	999999	999999	999999	999999	28819	28819	28819
28817	28817	28817	28817	28809	999999	999999	999999	0	999999	999999	999999	999999	999999	28838	28838	28838	28838	28838	28838	28830	28827	28827	28827	28827	28827	28819	999999	28818	28818	28818	28818	28810	999999	999999	28845	28845	28845
28817	28817	28817	28817	28817	28809	999999	999999	999999	0	999999	999999	999999	999999	28838	28838	28838	999999	999999	999999	999999	28827	28827	28827	28827	28827	28827	28819	28818	28818	28818	28818	28818	28810	999999	28845	28845	28845
28817	28817	28817	28817	28817	28817	28809	999999	999999	999999	0	999999	999999	999999	28838	28838	28838	28838	999999	999999	999999	28827	28827	28827	28827	999999	999999	999999	28818	28818	28818	28818	28818	28818	28810	28845	28845	28845
28817	28817	28817	28817	28817	999999	999999	999999	999999	999999	999999	0	999999	999999	28838	28838	28838	28838	28838	999999	999999	28827	28827	28827	28827	28827	999999	999999	28818	28818	28818	28818	28818	999999	999999	28845	28845	28845
28817	28817	28817	28817	28817	28817	999999	999999	999999	999999	999999	999999	0	999999	28838	28838	28838	28838	28838	28838	999999	28827	28827	28827	28827	28827	28827	999999	28818	28818	28818	28818	28818	28818	999999	28845	28845	28845
28817	28817	28817	28817	28817	28817	28817	999999	999999	999999	999999	999999	999999	0	28838	28838	28838	28838	28838	28838	28838	28827	28827	28827	28827	28827	28827	28827	28818	28818	28818	28818	28818	28818	28818	28845	28845	28845
28817	28817	28817	28809	999999	999999	999999	0	999999	999999	999999	999999	999999	999999	28838	28838	28838	28838	28838	28830	999999	28827	28827	28827	28827	28819	999999	999999	28818	28818	28818	28810	999999	999999	999999	28845	28845	28845
28810	28810	28810	28802	999999	999999	999999	28838	28838	28838	28838	28838	28838	28830	999999	0	999999	999999	999999	999999	999999	28818	28818	28818	28818	28810	999999	999999	28809	28809	28809	28801	999999	999999	999999	28813	28813	28813
28810	28810	28810	28810	28802	999999	999999	28838	28838	28838	999999	999999	999999	999999	999999	999999	0	999999	999999	999999	999999	28818	28818	28818	28818	28818	28810	999999	28809	28809	28809	28809	28801	999999	999999	28813	28813	28813
28810	28810	28810	28810	28810	28802	999999	28838	28838	28838	28838	999999	999999	999999	999999	999999	999999	0	999999	999999	999999	28818	28818	28818	28818	28818	28818	28810	28809	28809	28809	28809	28809	28801	999999	28813	28813	28813
28810	28810	28810	28810	28810	28810	28802	28838	28838	28838	28838	28838	999999	999999	999999	999999	999999	999999	0	999999	999999	28818	28818	28818	28818	28818	999999	999999	28809	28809	28809	28809	28809	28809	28801	28813	28813	28813
28810	28810	28810	28810	28810	28810	999999	28838	28838	28838	28838	28838	28838	999999	999999	999999	999999	999999	999999	0	999999	28818	28818	28818	28818	28818	28818	999999	28809	28809	28809	28809	28809	28809	999999	28813	28813	28813
28810	28810	28810	28810	28810	28810	28810	28838	28838	28838	28838	28838	28838	28838	999999	999999	999999	999999	999999	999999	0	28818	28818	28818	28818	28818	28818	28818	28809	28809	28809	28809	28809	28809	28809	28813	28813	28813
28810	28810	28802	999999	999999	999999	999999	28838	28838	28838	28838	28838	28830	999999	0	999999	999999	999999	999999	999999	999999	28818	28818	28818	28810	999999	999999	999999	28809	28809	28801	999999	999999	999999	999999	28813	28813	28813
28814	28814	28814	28814	28806	999999	999999	28827	28827	28827	28827	28827	28819	999999	28818	28818	28818	28818	28810	999999	999999	999999	0	999999	999999	999999	999999	999999	28808	28808	28808	28800	999999	999999	999999	28839	28839	28839
28814	28814	28814	28814	28814	28806	999999	28827	28827	28827	28827	28827	28827	28819	28818	28818	28818	28818	28818	28810	999999	999999	999999	0	999999	999999	999999	999999	28808	28808	28808	28808	28800	999999	999999	28839	28839	28839
28814	28814	28814	28814	28814	28814	28806	28827	28827	28827	28827	999999	999999	999999	28818	28818	28818	28818	28818	28818	28810	999999	999999	999999	0	999999	999999	999999	28808	28808	28808	28808	28808	28800	999999	28839	28839	28839
28814	28814	28814	28814	28814	999999	999999	28827	28827	28827	28827	28827	999999	999999	28818	28818	28818	28818	28818	999999	999999	999999	999999	999999	999999	0	999999	999999	28808	28808	28808	28808	28808	28808	28800	28839	28839	28839
28814	28814	28814	28814	28814	28814	999999	28827	28827	28827	28827	28827	28827	999999	28818	28818	28818	28818	28818	28818	999999	999999	999999	999999	999999	999999	0	999999	28808	28808	28808	28808	28808	28808	999999	28839	28839	28839
28814	28814	28814	28814	28814	28814	28814	28827	28827	28827	28827	28827	28827	28827	28818	28818	28818	28818	28818	28818	28818	999999	999999	999999	999999	999999	999999	0	28808	28808	28808	28808	28808	28808	28808	28839	28839	28839
28814	28814	28814	28806	999999	999999	999999	28827	28827	28827	28827	28819	999999	999999	28818	28818	28818	28810	999999	999999	999999	0	999999	999999	999999	999999	999999	999999	28808	28808	28800	999999	999999	999999	999999	28839	28839	28839
28795	28795	28787	999999	999999	999999	999999	28818	28818	28818	28818	28810	999999	999999	28809	28809	28809	28801	999999	999999	999999	28808	28808	28808	28800	999999	999999	999999	999999	0	999999	999999	999999	999999	999999	28823	28823	28823
28795	28795	28795	28787	999999	999999	999999	28818	28818	28818	28818	28818	28810	999999	28809	28809	28809	28809	28801	999999	999999	28808	28808	28808	28808	28800	999999	999999	999999	999999	0	999999	999999	999999	999999	28823	28823	28823
28795	28795	28795	28795	28787	999999	999999	28818	28818	28818	28818	28818	28818	28810	28809	28809	28809	28809	28809	28801	999999	28808	28808	28808	28808	28808	28800	999999	999999	999999	999999	0	999999	999999	999999	28823	28823	28823
28795	28795	28795	28795	28795	28787	999999	28818	28818	28818	28818	28818	999999	999999	28809	28809	28809	28809	28809	28809	28801	28808	28808	28808	28808	28808	28808	28800	999999	999999	999999	999999	0	999999	999999	28823	28823	28823
28795	28795	28795	28795	28795	28795	28787	28818	28818	28818	28818	28818	28818	999999	28809	28809	28809	28809	28809	28809	999999	28808	28808	28808	28808	28808	28808	999999	999999	999999	999999	999999	999999	0	999999	28823	28823	28823
28795	28795	28795	28795	28795	28795	28795	28818	28818	28818	28818	28818	28818	28818	28809	28809	28809	28809	28809	28809	28809	28808	28808	28808	28808	28808	28808	28808	999999	999999	999999	999999	999999	999999	0	28823	28823	28823
28795	28787	999999	999999	999999	999999	999999	28818	28818	28818	28810	999999	999999	999999	28809	28809	28801	999999	999999	999999	999999	28808	28808	28800	999999	999999	999999	999999	0	999999	999999	999999	999999	999999	999999	28823	28823	28823
28819	28819	28819	28819	28811	999999	999999	28845	28845	28845	28845	28845	28845	28837	28813	28813	28813	28813	28805	999999	999999	28839	28839	28839	28839	28839	28839	28831	28823	28823	28823	28823	28815	999999	999999	999999	0	999999
28819	28819	28819	28819	28819	28811	999999	28845	28845	28845	999999	999999	999999	999999	28813	28813	28813	28813	28813	28805	999999	28839	28839	28839	999999	999999	999999	999999	28823	28823	28823	28823	28823	28815	999999	999999	999999	0
28819	28819	28819	28819	28819	28819	28811	28845	28845	28845	28845	999999	999999	999999	28813	28813	28813	28813	28813	28813	28805	28839	28839	28839	28839	999999	999999	999999	28823	28823	28823	28823	28823	28823	28815	999999	999999	999999
GTSP_SET_SECTION:
1 1 2 3 4 5 6 7 -1
2 8 9 10 11 12 13 14 -1
3 15 16 17 18 19 20 21 -1
4 22 23 24 25 26 27 28 -1
5 29 30 31 32 33 34 35 -1
6 36 37 38 39 40 41 42 -1
7 43 44 45 46 47 48 49 -1
8 50 51 52 53 54 55 56 -1
9 57 58 59 60 61 62 63 -1
10 64 65 66 67 68 69 70 -1
11 71 72 73 74 75 76 77 -1
12 78 79 80 81 82 83 84 -1
13 85 -1
EOF