NAME:  test1
TYPE: AGTSP
COMMENT: gtsp tours
DIMENSION: 281 
GTSP_SETS: 41
EDGE_WEIGHT_TYPE: EXPLICIT
EDGE_WEIGHT_FORMAT: FULL_MATRIX 
EDGE_WEIGHT_SECTION

GTSP_SET_SECTION:
1 1 2 3 4 5 6 7 -1
2 8 9 10 11 12 13 14 -1
3 15 16 17 18 19 20 21 -1
4 22 23 24 25 26 27 28 -1
5 29 30 31 32 33 34 35 -1
6 36 37 38 39 40 41 42 -1
7 43 44 45 46 47 48 49 -1
8 50 51 52 53 54 55 56 -1
9 57 58 59 60 61 62 63 -1
10 64 65 66 67 68 69 70 -1
11 71 72 73 74 75 76 77 -1
12 78 79 80 81 82 83 84 -1
13 85 86 87 88 89 90 91 -1
14 92 93 94 95 96 97 98 -1
15 99 100 101 102 103 104 105 -1
16 106 107 108 109 110 111 112 -1
17 113 114 115 116 117 118 119 -1
18 120 121 122 123 124 125 126 -1
19 127 128 129 130 131 132 133 -1
20 134 135 136 137 138 139 140 -1
21 141 142 143 144 145 146 147 -1
22 148 149 150 151 152 153 154 -1
23 155 156 157 158 159 160 161 -1
24 162 163 164 165 166 167 168 -1
25 169 170 171 172 173 174 175 -1
26 176 177 178 179 180 181 182 -1
27 183 184 185 186 187 188 189 -1
28 190 191 192 193 194 195 196 -1
29 197 198 199 200 201 202 203 -1
30 204 205 206 207 208 209 210 -1
31 211 212 213 214 215 216 217 -1
32 218 219 220 221 222 223 224 -1
33 225 226 227 228 229 230 231 -1
34 232 233 234 235 236 237 238 -1
35 239 240 241 242 243 244 245 -1
36 246 247 248 249 250 251 252 -1
37 253 254 255 256 257 258 259 -1
38 260 261 262 263 264 265 266 -1
39 267 268 269 270 271 272 273 -1
40 274 275 276 277 278 279 280 -1
41 281
EOF
