NAME:  test1
TYPE: AGTSP
COMMENT: gtsp tours
DIMENSION:  37
GTSP_SETS: 13
EDGE_WEIGHT_TYPE: EXPLICIT
EDGE_WEIGHT_FORMAT: FULL_MATRIX 
EDGE_WEIGHT_SECTION
999999	0	999999	18798	18798	999999	18761	18761	18753	18774	18774	18766	18783	18783	999999	18771	18771	18763	18775	18775	18767	18796	18796	999999	18793	18793	999999	18773	18773	18765	18762	18762	18754	18759	18759	18751	0
999999	999999	0	18798	18798	18798	18761	18761	18761	18774	18774	18774	18783	18783	18783	18771	18771	18771	18775	18775	18775	18796	18796	18796	18793	18793	18793	18773	18773	18773	18762	18762	18762	18759	18759	18759	0
0	999999	999999	18798	18798	18790	18761	18753	999999	18774	18766	999999	18783	18783	18775	18771	18763	999999	18775	18767	999999	18796	18796	18788	18793	18793	18785	18773	18765	999999	18762	18754	999999	18759	18751	999999	0
18798	18798	999999	999999	0	999999	18806	18806	999999	18776	18776	18768	18809	18809	999999	18789	18789	999999	18805	18805	999999	18783	18783	999999	18801	18801	999999	18779	18779	18771	18800	18800	999999	18805	18805	999999	0
18798	18798	18798	999999	999999	0	18806	18806	18806	18776	18776	18776	18809	18809	18809	18789	18789	18789	18805	18805	18805	18783	18783	18783	18801	18801	18801	18779	18779	18779	18800	18800	18800	18805	18805	18805	0
18798	18798	18790	0	999999	999999	18806	18806	18798	18776	18768	999999	18809	999999	999999	18789	18789	18781	18805	18805	18797	18783	18783	18775	18801	18801	18793	18779	18771	999999	18800	18800	18792	18805	18805	18797	0
18761	18761	18753	18806	18806	999999	999999	0	999999	18783	18783	999999	18780	18780	18772	18780	18780	999999	18772	18772	18764	18800	18800	999999	18793	18793	999999	18782	18782	999999	18761	18761	18753	18753	18753	18745	0
18761	18761	18761	18806	18806	18806	999999	999999	0	18783	18783	18783	18780	18780	18780	18780	18780	18780	18772	18772	18772	18800	18800	18800	18793	18793	18793	18782	18782	18782	18761	18761	18761	18753	18753	18753	0
18761	18753	999999	18806	18806	18798	0	999999	999999	18783	18783	18775	18780	18772	999999	18780	18780	18772	18772	18764	999999	18800	18800	18792	18793	18793	18785	18782	18782	18774	18761	18753	999999	18753	18745	999999	0
18774	18774	18766	18776	18776	18768	18783	18783	999999	999999	0	999999	18795	18795	999999	18766	18766	18758	18788	18788	999999	18787	18787	999999	18795	18795	999999	18756	18756	18748	18778	18778	18770	18781	18781	999999	0
18774	18774	18774	18776	18776	18776	18783	18783	18783	999999	999999	0	18795	18795	18795	18766	18766	18766	18788	18788	18788	18787	18787	18787	18795	18795	18795	18756	18756	18756	18778	18778	18778	18781	18781	18781	0
18774	18766	999999	18776	18768	999999	18783	18783	18775	0	999999	999999	18795	18795	18787	18766	18758	999999	18788	18788	18780	18787	18787	18779	18795	18795	18787	18756	18748	999999	18778	18770	999999	18781	18781	18773	0
18783	18783	999999	18809	18809	999999	18780	18780	18772	18795	18795	999999	999999	0	999999	18800	18800	999999	18760	18760	18752	18787	18787	999999	18770	18770	18762	18797	18797	999999	18773	18773	18765	18780	18780	999999	0
18783	18783	18783	18809	18809	18809	18780	18780	18780	18795	18795	18795	999999	999999	0	18800	18800	18800	18760	18760	18760	18787	18787	18787	18770	18770	18770	18797	18797	18797	18773	18773	18773	18780	18780	18780	0
18783	18783	18775	18809	999999	999999	18780	18772	999999	18795	18795	18787	0	999999	999999	18800	18800	18792	18760	18752	999999	18787	18787	18779	18770	18762	999999	18797	18797	18789	18773	18765	999999	18780	18780	18772	0
18771	18771	18763	18789	18789	999999	18780	18780	999999	18766	18766	18758	18800	18800	999999	999999	0	999999	18793	18793	999999	18800	18800	999999	18805	18805	999999	18762	18762	18754	18780	18780	999999	18778	18778	18770	0
18771	18771	18771	18789	18789	18789	18780	18780	18780	18766	18766	18766	18800	18800	18800	999999	999999	0	18793	18793	18793	18800	18800	18800	18805	18805	18805	18762	18762	18762	18780	18780	18780	18778	18778	18778	0
18771	18763	999999	18789	18789	18781	18780	18780	18772	18766	18758	999999	18800	18800	18792	0	999999	999999	18793	18793	18785	18800	18800	18792	18805	18805	18797	18762	18754	999999	18780	18780	18772	18778	18770	999999	0
18775	18775	18767	18805	18805	999999	18772	18772	18764	18788	18788	999999	18760	18760	18752	18793	18793	999999	999999	0	999999	18788	18788	999999	18775	18775	18767	18790	18790	999999	18765	18765	18757	18772	18772	18764	0
18775	18775	18775	18805	18805	18805	18772	18772	18772	18788	18788	18788	18760	18760	18760	18793	18793	18793	999999	999999	0	18788	18788	18788	18775	18775	18775	18790	18790	18790	18765	18765	18765	18772	18772	18772	0
18775	18767	999999	18805	18805	18797	18772	18764	999999	18788	18788	18780	18760	18752	999999	18793	18793	18785	0	999999	999999	18788	18788	18780	18775	18767	999999	18790	18790	18782	18765	18757	999999	18772	18764	999999	0
18796	18796	999999	18783	18783	999999	18800	18800	999999	18787	18787	999999	18787	18787	999999	18800	18800	999999	18788	18788	999999	999999	0	999999	18772	18772	18764	18791	18791	999999	18790	18790	999999	18799	18799	999999	0
18796	18796	18796	18783	18783	18783	18800	18800	18800	18787	18787	18787	18787	18787	18787	18800	18800	18800	18788	18788	18788	999999	999999	0	18772	18772	18772	18791	18791	18791	18790	18790	18790	18799	18799	18799	0
18796	18796	18788	18783	18783	18775	18800	18800	18792	18787	18787	18779	18787	18787	18779	18800	18800	18792	18788	18788	18780	0	999999	999999	18772	18764	999999	18791	18791	18783	18790	18790	18782	18799	18799	18791	0
18793	18793	999999	18801	18801	999999	18793	18793	999999	18795	18795	999999	18770	18770	18762	18805	18805	999999	18775	18775	18767	18772	18772	18764	999999	0	999999	18798	18798	999999	18784	18784	999999	18793	18793	999999	0
18793	18793	18793	18801	18801	18801	18793	18793	18793	18795	18795	18795	18770	18770	18770	18805	18805	18805	18775	18775	18775	18772	18772	18772	999999	999999	0	18798	18798	18798	18784	18784	18784	18793	18793	18793	0
18793	18793	18785	18801	18801	18793	18793	18793	18785	18795	18795	18787	18770	18762	999999	18805	18805	18797	18775	18767	999999	18772	18764	999999	0	999999	999999	18798	18798	18790	18784	18784	18776	18793	18793	18785	0
18773	18773	18765	18779	18779	18771	18782	18782	999999	18756	18756	18748	18797	18797	999999	18762	18762	18754	18790	18790	999999	18791	18791	999999	18798	18798	999999	999999	0	999999	18779	18779	18771	18781	18781	999999	0
18773	18773	18773	18779	18779	18779	18782	18782	18782	18756	18756	18756	18797	18797	18797	18762	18762	18762	18790	18790	18790	18791	18791	18791	18798	18798	18798	999999	999999	0	18779	18779	18779	18781	18781	18781	0
18773	18765	999999	18779	18771	999999	18782	18782	18774	18756	18748	999999	18797	18797	18789	18762	18754	999999	18790	18790	18782	18791	18791	18783	18798	18798	18790	0	999999	999999	18779	18771	999999	18781	18781	18773	0
18762	18762	18754	18800	18800	999999	18761	18761	18753	18778	18778	18770	18773	18773	18765	18780	18780	999999	18765	18765	18757	18790	18790	999999	18784	18784	999999	18779	18779	18771	999999	0	999999	18761	18761	18753	0
18762	18762	18762	18800	18800	18800	18761	18761	18761	18778	18778	18778	18773	18773	18773	18780	18780	18780	18765	18765	18765	18790	18790	18790	18784	18784	18784	18779	18779	18779	999999	999999	0	18761	18761	18761	0
18762	18754	999999	18800	18800	18792	18761	18753	999999	18778	18770	999999	18773	18765	999999	18780	18780	18772	18765	18757	999999	18790	18790	18782	18784	18784	18776	18779	18771	999999	0	999999	999999	18761	18753	999999	0
18759	18759	18751	18805	18805	999999	18753	18753	18745	18781	18781	999999	18780	18780	999999	18778	18778	18770	18772	18772	18764	18799	18799	999999	18793	18793	999999	18781	18781	999999	18761	18761	18753	999999	0	999999	0
18759	18759	18759	18805	18805	18805	18753	18753	18753	18781	18781	18781	18780	18780	18780	18778	18778	18778	18772	18772	18772	18799	18799	18799	18793	18793	18793	18781	18781	18781	18761	18761	18761	999999	999999	0	0
18759	18751	999999	18805	18805	18797	18753	18745	999999	18781	18781	18773	18780	18780	18772	18778	18770	999999	18772	18764	999999	18799	18799	18791	18793	18793	18785	18781	18781	18773	18761	18753	999999	0	999999	999999	0
18743	999999	999999	18743	999999	999999	18743	999999	999999	18743	999999	999999	18743	999999	999999	18743	999999	999999	18743	999999	999999	18743	999999	999999	18743	999999	999999	18743	999999	999999	18743	999999	999999	18743	999999	999999	999999
GTSP_SET_SECTION:
1 1 2 3 -1
2 4 5 6 -1
3 7 8 9 -1
4 10 11 12 -1
5 13 14 15 -1
6 16 17 18 -1
7 19 20 21 -1
8 22 23 24 -1
9 25 26 27 -1
10 28 29 30 -1
11 31 32 33 -1
12 34 35 36 -1
13 37 -1
EOF