NAME:  test1
TYPE: AGTSP
COMMENT: gtsp tours
DIMENSION:  37
GTSP_SETS: 13
EDGE_WEIGHT_TYPE: EXPLICIT
EDGE_WEIGHT_FORMAT: FULL_MATRIX 
EDGE_WEIGHT_SECTION
999999	0	999999	19459	19459	19451	19462	19462	19454	19482	19482	999999	19492	19492	999999	19458	19458	19450	19472	19472	999999	19478	19478	999999	19459	19459	19451	19486	19486	999999	19463	19463	19455	19464	19464	19456	0
999999	999999	0	19459	19459	19459	19462	19462	19462	19482	19482	19482	19492	19492	19492	19458	19458	19458	19472	19472	19472	19478	19478	19478	19459	19459	19459	19486	19486	19486	19463	19463	19463	19464	19464	19464	0
0	999999	999999	19459	19451	999999	19462	19454	999999	19482	19482	19474	19492	19492	19484	19458	19450	999999	19472	19472	19464	19478	19478	19470	19459	19451	999999	19486	19486	19478	19463	19455	999999	19464	19456	999999	0
19459	19459	19451	999999	0	999999	19444	19444	19436	19481	19481	999999	19473	19473	999999	19466	19466	19458	19456	19456	19448	19480	19480	999999	19456	19456	19448	19467	19467	19459	19465	19465	19457	19449	19449	19441	0
19459	19459	19459	999999	999999	0	19444	19444	19444	19481	19481	19481	19473	19473	19473	19466	19466	19466	19456	19456	19456	19480	19480	19480	19456	19456	19456	19467	19467	19467	19465	19465	19465	19449	19449	19449	0
19459	19451	999999	0	999999	999999	19444	19436	999999	19481	19481	19473	19473	19473	19465	19466	19458	999999	19456	19448	999999	19480	19480	19472	19456	19448	999999	19467	19459	999999	19465	19457	999999	19449	19441	999999	0
19462	19462	19454	19444	19444	19436	999999	0	999999	19477	19477	999999	19472	19472	999999	19465	19465	19457	19458	19458	19450	19477	19477	999999	19460	19460	19452	19467	19467	19459	19463	19463	19455	19453	19453	19445	0
19462	19462	19462	19444	19444	19444	999999	999999	0	19477	19477	19477	19472	19472	19472	19465	19465	19465	19458	19458	19458	19477	19477	19477	19460	19460	19460	19467	19467	19467	19463	19463	19463	19453	19453	19453	0
19462	19454	999999	19444	19436	999999	0	999999	999999	19477	19477	19469	19472	19472	19464	19465	19457	999999	19458	19450	999999	19477	19477	19469	19460	19452	999999	19467	19459	999999	19463	19455	999999	19453	19445	999999	0
19482	19482	999999	19481	19481	999999	19477	19477	999999	999999	0	999999	19499	19499	999999	19465	19465	19457	19495	19495	999999	19448	19448	19440	19494	19494	999999	19498	19498	999999	19459	19459	19451	19490	19490	999999	0
19482	19482	19482	19481	19481	19481	19477	19477	19477	999999	999999	0	19499	19499	19499	19465	19465	19465	19495	19495	19495	19448	19448	19448	19494	19494	19494	19498	19498	19498	19459	19459	19459	19490	19490	19490	0
19482	19482	19474	19481	19481	19473	19477	19477	19469	0	999999	999999	19499	999999	999999	19465	19457	999999	19495	19495	19487	19448	19440	999999	19494	19494	19486	19498	999999	999999	19459	19451	999999	19490	19490	19482	0
19492	19492	999999	19473	19473	999999	19472	19472	999999	19499	19499	999999	999999	0	999999	19496	19496	999999	19464	19464	19456	19503	19503	999999	19481	19481	999999	19448	19448	19440	19492	19492	999999	19470	19470	999999	0
19492	19492	19492	19473	19473	19473	19472	19472	19472	19499	19499	19499	999999	999999	0	19496	19496	19496	19464	19464	19464	19503	19503	19503	19481	19481	19481	19448	19448	19448	19492	19492	19492	19470	19470	19470	0
19492	19492	19484	19473	19473	19465	19472	19472	19464	19499	999999	999999	0	999999	999999	19496	19496	19488	19464	19456	999999	19503	999999	999999	19481	19481	19473	19448	19440	999999	19492	19492	19484	19470	19470	19462	0
19458	19458	19450	19466	19466	19458	19465	19465	19457	19465	19465	19457	19496	19496	999999	999999	0	999999	19482	19482	999999	19460	19460	19452	19474	19474	999999	19492	19492	999999	19448	19448	19440	19475	19475	999999	0
19458	19458	19458	19466	19466	19466	19465	19465	19465	19465	19465	19465	19496	19496	19496	999999	999999	0	19482	19482	19482	19460	19460	19460	19474	19474	19474	19492	19492	19492	19448	19448	19448	19475	19475	19475	0
19458	19450	999999	19466	19458	999999	19465	19457	999999	19465	19457	999999	19496	19496	19488	0	999999	999999	19482	19482	19474	19460	19452	999999	19474	19474	19466	19492	19492	19484	19448	19440	999999	19475	19475	19467	0
19472	19472	999999	19456	19456	19448	19458	19458	19450	19495	19495	999999	19464	19464	19456	19482	19482	999999	999999	0	999999	19495	19495	999999	19457	19457	19449	19457	19457	19449	19480	19480	999999	19447	19447	19439	0
19472	19472	19472	19456	19456	19456	19458	19458	19458	19495	19495	19495	19464	19464	19464	19482	19482	19482	999999	999999	0	19495	19495	19495	19457	19457	19457	19457	19457	19457	19480	19480	19480	19447	19447	19447	0
19472	19472	19464	19456	19448	999999	19458	19450	999999	19495	19495	19487	19464	19456	999999	19482	19482	19474	0	999999	999999	19495	19495	19487	19457	19449	999999	19457	19449	999999	19480	19480	19472	19447	19439	999999	0
19478	19478	999999	19480	19480	999999	19477	19477	999999	19448	19448	19440	19503	19503	999999	19460	19460	19452	19495	19495	999999	999999	0	999999	19492	19492	999999	19501	19501	999999	19456	19456	19448	19489	19489	999999	0
19478	19478	19478	19480	19480	19480	19477	19477	19477	19448	19448	19448	19503	19503	19503	19460	19460	19460	19495	19495	19495	999999	999999	0	19492	19492	19492	19501	19501	19501	19456	19456	19456	19489	19489	19489	0
19478	19478	19470	19480	19480	19472	19477	19477	19469	19448	19440	999999	19503	999999	999999	19460	19452	999999	19495	19495	19487	0	999999	999999	19492	19492	19484	19501	999999	999999	19456	19448	999999	19489	19489	19481	0
19459	19459	19451	19456	19456	19448	19460	19460	19452	19494	19494	999999	19481	19481	999999	19474	19474	999999	19457	19457	19449	19492	19492	999999	999999	0	999999	19473	19473	999999	19476	19476	999999	19451	19451	19443	0
19459	19459	19459	19456	19456	19456	19460	19460	19460	19494	19494	19494	19481	19481	19481	19474	19474	19474	19457	19457	19457	19492	19492	19492	999999	999999	0	19473	19473	19473	19476	19476	19476	19451	19451	19451	0
19459	19451	999999	19456	19448	999999	19460	19452	999999	19494	19494	19486	19481	19481	19473	19474	19474	19466	19457	19449	999999	19492	19492	19484	0	999999	999999	19473	19473	19465	19476	19476	19468	19451	19443	999999	0
19486	19486	999999	19467	19467	19459	19467	19467	19459	19498	19498	999999	19448	19448	19440	19492	19492	999999	19457	19457	19449	19501	19501	999999	19473	19473	999999	999999	0	999999	19488	19488	999999	19463	19463	19455	0
19486	19486	19486	19467	19467	19467	19467	19467	19467	19498	19498	19498	19448	19448	19448	19492	19492	19492	19457	19457	19457	19501	19501	19501	19473	19473	19473	999999	999999	0	19488	19488	19488	19463	19463	19463	0
19486	19486	19478	19467	19459	999999	19467	19459	999999	19498	999999	999999	19448	19440	999999	19492	19492	19484	19457	19449	999999	19501	999999	999999	19473	19473	19465	0	999999	999999	19488	19488	19480	19463	19455	999999	0
19463	19463	19455	19465	19465	19457	19463	19463	19455	19459	19459	19451	19492	19492	999999	19448	19448	19440	19480	19480	999999	19456	19456	19448	19476	19476	999999	19488	19488	999999	999999	0	999999	19474	19474	999999	0
19463	19463	19463	19465	19465	19465	19463	19463	19463	19459	19459	19459	19492	19492	19492	19448	19448	19448	19480	19480	19480	19456	19456	19456	19476	19476	19476	19488	19488	19488	999999	999999	0	19474	19474	19474	0
19463	19455	999999	19465	19457	999999	19463	19455	999999	19459	19451	999999	19492	19492	19484	19448	19440	999999	19480	19480	19472	19456	19448	999999	19476	19476	19468	19488	19488	19480	0	999999	999999	19474	19474	19466	0
19464	19464	19456	19449	19449	19441	19453	19453	19445	19490	19490	999999	19470	19470	999999	19475	19475	999999	19447	19447	19439	19489	19489	999999	19451	19451	19443	19463	19463	19455	19474	19474	999999	999999	0	999999	0
19464	19464	19464	19449	19449	19449	19453	19453	19453	19490	19490	19490	19470	19470	19470	19475	19475	19475	19447	19447	19447	19489	19489	19489	19451	19451	19451	19463	19463	19463	19474	19474	19474	999999	999999	0	0
19464	19456	999999	19449	19441	999999	19453	19445	999999	19490	19490	19482	19470	19470	19462	19475	19475	19467	19447	19439	999999	19489	19489	19481	19451	19443	999999	19463	19455	999999	19474	19474	19466	0	999999	999999	0
19432	999999	999999	19432	999999	999999	19432	999999	999999	19432	999999	999999	19432	999999	999999	19432	999999	999999	19432	999999	999999	19432	999999	999999	19432	999999	999999	19432	999999	999999	19432	999999	999999	19432	999999	999999	999999
GTSP_SET_SECTION:
1 1 2 3 -1
2 4 5 6 -1
3 7 8 9 -1
4 10 11 12 -1
5 13 14 15 -1
6 16 17 18 -1
7 19 20 21 -1
8 22 23 24 -1
9 25 26 27 -1
10 28 29 30 -1
11 31 32 33 -1
12 34 35 36 -1
13 37 -1
EOF