NAME:  test1
TYPE: AGTSP
COMMENT: gtsp tours
DIMENSION:  37
GTSP_SETS: 13
EDGE_WEIGHT_TYPE: EXPLICIT
EDGE_WEIGHT_FORMAT: FULL_MATRIX 
EDGE_WEIGHT_SECTION
999999	0	999999	14303	14303	14295	14290	14290	14282	14299	14299	14291	14306	14306	999999	14306	14306	999999	14301	14301	14293	14291	14291	14283	14304	14304	14296	14293	14293	14285	14317	14317	999999	14308	14308	999999	0
999999	999999	0	14303	14303	14303	14290	14290	14290	14299	14299	14299	14306	14306	14306	14306	14306	14306	14301	14301	14301	14291	14291	14291	14304	14304	14304	14293	14293	14293	14317	14317	14317	14308	14308	14308	0
0	999999	999999	14303	14295	999999	14290	14282	999999	14299	14291	999999	14306	14306	14298	14306	14306	14298	14301	14293	999999	14291	14283	999999	14304	14296	999999	14293	14285	999999	14317	14317	14309	14308	14308	14300	0
14303	14303	14295	999999	0	999999	14291	14291	14283	14295	14295	14287	14305	14305	999999	14323	14323	999999	14323	14323	999999	14316	14316	999999	14279	14279	14271	14320	14320	999999	14293	14293	14285	14313	14313	999999	0
14303	14303	14303	999999	999999	0	14291	14291	14291	14295	14295	14295	14305	14305	14305	14323	14323	14323	14323	14323	14323	14316	14316	14316	14279	14279	14279	14320	14320	14320	14293	14293	14293	14313	14313	14313	0
14303	14295	999999	0	999999	999999	14291	14283	999999	14295	14287	999999	14305	14305	14297	14323	14323	14315	14323	14323	14315	14316	14316	14308	14279	14271	999999	14320	14320	14312	14293	14285	999999	14313	14313	14305	0
14290	14290	14282	14291	14291	14283	999999	0	999999	14287	14287	14279	14307	14307	999999	14317	14317	999999	14314	14314	999999	14302	14302	14294	14290	14290	14282	14307	14307	999999	14307	14307	999999	14313	14313	999999	0
14290	14290	14290	14291	14291	14291	999999	999999	0	14287	14287	14287	14307	14307	14307	14317	14317	14317	14314	14314	14314	14302	14302	14302	14290	14290	14290	14307	14307	14307	14307	14307	14307	14313	14313	14313	0
14290	14282	999999	14291	14283	999999	0	999999	999999	14287	14279	999999	14307	14307	14299	14317	14317	14309	14314	14314	14306	14302	14294	999999	14290	14282	999999	14307	14307	14299	14307	14307	14299	14313	14313	14305	0
14299	14299	14291	14295	14295	14287	14287	14287	14279	999999	0	999999	14318	14318	999999	14328	14328	999999	14324	14324	999999	14306	14306	999999	14292	14292	14284	14315	14315	999999	14311	14311	999999	14324	14324	999999	0
14299	14299	14299	14295	14295	14295	14287	14287	14287	999999	999999	0	14318	14318	14318	14328	14328	14328	14324	14324	14324	14306	14306	14306	14292	14292	14292	14315	14315	14315	14311	14311	14311	14324	14324	14324	0
14299	14291	999999	14295	14287	999999	14287	14279	999999	0	999999	999999	14318	14318	14310	14328	14328	14320	14324	14324	14316	14306	14306	14298	14292	14284	999999	14315	14315	14307	14311	14311	14303	14324	14324	14316	0
14306	14306	999999	14305	14305	999999	14307	14307	999999	14318	14318	999999	999999	0	999999	14300	14300	14292	14307	14307	999999	14319	14319	999999	14308	14308	999999	14313	14313	999999	14306	14306	999999	14284	14284	14276	0
14306	14306	14306	14305	14305	14305	14307	14307	14307	14318	14318	14318	999999	999999	0	14300	14300	14300	14307	14307	14307	14319	14319	14319	14308	14308	14308	14313	14313	14313	14306	14306	14306	14284	14284	14284	0
14306	14306	14298	14305	14305	14297	14307	14307	14299	14318	14318	14310	0	999999	999999	14300	14292	999999	14307	14307	14299	14319	14319	14311	14308	14308	14300	14313	14313	14305	14306	14306	14298	14284	14276	999999	0
14306	14306	999999	14323	14323	999999	14317	14317	999999	14328	14328	999999	14300	14300	14292	999999	0	999999	14288	14288	14280	14313	14313	999999	14325	14325	999999	14300	14300	14292	14329	14329	999999	14294	14294	14286	0
14306	14306	14306	14323	14323	14323	14317	14317	14317	14328	14328	14328	14300	14300	14300	999999	999999	0	14288	14288	14288	14313	14313	14313	14325	14325	14325	14300	14300	14300	14329	14329	14329	14294	14294	14294	0
14306	14306	14298	14323	14323	14315	14317	14317	14309	14328	14328	14320	14300	14292	999999	0	999999	999999	14288	14280	999999	14313	14313	14305	14325	14325	14317	14300	14292	999999	14329	14329	14321	14294	14286	999999	0
14301	14301	14293	14323	14323	999999	14314	14314	999999	14324	14324	999999	14307	14307	999999	14288	14288	14280	999999	0	999999	14303	14303	14295	14325	14325	999999	14289	14289	14281	14333	14333	999999	14303	14303	14295	0
14301	14301	14301	14323	14323	14323	14314	14314	14314	14324	14324	14324	14307	14307	14307	14288	14288	14288	999999	999999	0	14303	14303	14303	14325	14325	14325	14289	14289	14289	14333	14333	14333	14303	14303	14303	0
14301	14293	999999	14323	14323	14315	14314	14314	14306	14324	14324	14316	14307	14307	14299	14288	14280	999999	0	999999	999999	14303	14295	999999	14325	14325	14317	14289	14281	999999	14333	999999	999999	14303	14295	999999	0
14291	14291	14283	14316	14316	999999	14302	14302	14294	14306	14306	999999	14319	14319	999999	14313	14313	999999	14303	14303	14295	999999	0	999999	14316	14316	999999	14290	14290	14282	14332	14332	999999	14320	14320	999999	0
14291	14291	14291	14316	14316	14316	14302	14302	14302	14306	14306	14306	14319	14319	14319	14313	14313	14313	14303	14303	14303	999999	999999	0	14316	14316	14316	14290	14290	14290	14332	14332	14332	14320	14320	14320	0
14291	14283	999999	14316	14316	14308	14302	14294	999999	14306	14306	14298	14319	14319	14311	14313	14313	14305	14303	14295	999999	0	999999	999999	14316	14316	14308	14290	14282	999999	14332	14332	14324	14320	14320	14312	0
14304	14304	14296	14279	14279	14271	14290	14290	14282	14292	14292	14284	14308	14308	999999	14325	14325	999999	14325	14325	999999	14316	14316	999999	999999	0	999999	14321	14321	999999	14295	14295	14287	14316	14316	999999	0
14304	14304	14304	14279	14279	14279	14290	14290	14290	14292	14292	14292	14308	14308	14308	14325	14325	14325	14325	14325	14325	14316	14316	14316	999999	999999	0	14321	14321	14321	14295	14295	14295	14316	14316	14316	0
14304	14296	999999	14279	14271	999999	14290	14282	999999	14292	14284	999999	14308	14308	14300	14325	14325	14317	14325	14325	14317	14316	14316	14308	0	999999	999999	14321	14321	14313	14295	14287	999999	14316	14316	14308	0
14293	14293	14285	14320	14320	999999	14307	14307	999999	14315	14315	999999	14313	14313	999999	14300	14300	14292	14289	14289	14281	14290	14290	14282	14321	14321	999999	999999	0	999999	14333	14333	999999	14311	14311	999999	0
14293	14293	14293	14320	14320	14320	14307	14307	14307	14315	14315	14315	14313	14313	14313	14300	14300	14300	14289	14289	14289	14290	14290	14290	14321	14321	14321	999999	999999	0	14333	14333	14333	14311	14311	14311	0
14293	14285	999999	14320	14320	14312	14307	14307	14299	14315	14315	14307	14313	14313	14305	14300	14292	999999	14289	14281	999999	14290	14282	999999	14321	14321	14313	0	999999	999999	14333	999999	999999	14311	14311	14303	0
14317	14317	999999	14293	14293	14285	14307	14307	999999	14311	14311	999999	14306	14306	999999	14329	14329	999999	14333	14333	999999	14332	14332	999999	14295	14295	14287	14333	14333	999999	999999	0	999999	14314	14314	999999	0
14317	14317	14317	14293	14293	14293	14307	14307	14307	14311	14311	14311	14306	14306	14306	14329	14329	14329	14333	14333	14333	14332	14332	14332	14295	14295	14295	14333	14333	14333	999999	999999	0	14314	14314	14314	0
14317	14317	14309	14293	14285	999999	14307	14307	14299	14311	14311	14303	14306	14306	14298	14329	14329	14321	14333	999999	999999	14332	14332	14324	14295	14287	999999	14333	999999	999999	0	999999	999999	14314	14314	14306	0
14308	14308	999999	14313	14313	999999	14313	14313	999999	14324	14324	999999	14284	14284	14276	14294	14294	14286	14303	14303	14295	14320	14320	999999	14316	14316	999999	14311	14311	999999	14314	14314	999999	999999	0	999999	0
14308	14308	14308	14313	14313	14313	14313	14313	14313	14324	14324	14324	14284	14284	14284	14294	14294	14294	14303	14303	14303	14320	14320	14320	14316	14316	14316	14311	14311	14311	14314	14314	14314	999999	999999	0	0
14308	14308	14300	14313	14313	14305	14313	14313	14305	14324	14324	14316	14284	14276	999999	14294	14286	999999	14303	14295	999999	14320	14320	14312	14316	14316	14308	14311	14311	14303	14314	14314	14306	0	999999	999999	0
14268	999999	999999	14268	999999	999999	14268	999999	999999	14268	999999	999999	14268	999999	999999	14268	999999	999999	14268	999999	999999	14268	999999	999999	14268	999999	999999	14268	999999	999999	14268	999999	999999	14268	999999	999999	999999
GTSP_SET_SECTION:
1 1 2 3 -1
2 4 5 6 -1
3 7 8 9 -1
4 10 11 12 -1
5 13 14 15 -1
6 16 17 18 -1
7 19 20 21 -1
8 22 23 24 -1
9 25 26 27 -1
10 28 29 30 -1
11 31 32 33 -1
12 34 35 36 -1
13 37 -1
EOF